-4.840404510498046875e+00
-1.271932888031005859e+01
2.442350536584854126e-01
-6.595282077789306641e+00
-1.417956447601318359e+01
-1.991282081604003906e+01
-3.134313344955444336e+00
2.193121612071990967e-01
5.799630880355834961e-01
-3.832814693450927734e+00
8.123875617980957031e+00
1.038292694091796875e+01
-3.112661600112915039e+00
1.884592413902282715e+00
1.699523735046386719e+01
-4.288972854614257812e+00
1.297000408172607422e+01
-3.601327657699584961e+00
1.116805076599121094e+01
-9.450398445129394531e+00
1.058233547210693359e+01
5.590079307556152344e+00
2.762035369873046875e+00
-2.285760688781738281e+01
-2.147384071350097656e+01
-2.021195602416992188e+01
-8.733890533447265625e+00
-4.337843418121337891e+00
-7.728106975555419922e-01
-7.283732891082763672e+00
-6.092553138732910156e+00
-6.662063598632812500e+00
-8.302091598510742188e+00
-3.477092504501342773e+00
-3.070343255996704102e+00
1.605040550231933594e+01
1.003582096099853516e+01
-1.019306850433349609e+01
-5.151194572448730469e+00
1.077813267707824707e+00
-4.556737244129180908e-01
-2.328882980346679688e+01
3.849764347076416016e+00
-1.594072055816650391e+01
-2.004406738281250000e+01
-1.257587051391601562e+01
-5.171107292175292969e+00
-5.902770042419433594e+00
-7.052292823791503906e+00
-6.576682090759277344e+00
9.200204849243164062e+00
-1.634507417678833008e+00
-1.109031963348388672e+01
6.275333881378173828e+00
1.450774765014648438e+01
-9.792065024375915527e-01
-1.318017196655273438e+01
-2.943030357360839844e+00
1.447870826721191406e+01
-8.345898628234863281e+00
-8.891745209693908691e-01
2.821726560592651367e+00
-2.138779830932617188e+01
2.015647411346435547e+00
-1.677094078063964844e+01
-8.100783348083496094e+00
-9.528961181640625000e+00
3.776681184768676758e+00
-4.415545940399169922e+00
-3.987490177154541016e+00
1.143586540222167969e+01
-5.523208618164062500e+00
1.019005203247070312e+01
-1.367148905992507935e-01
-1.225498437881469727e+00
4.614402294158935547e+00
-9.336207389831542969e+00
1.440991878509521484e+01
1.016281247138977051e+00
8.006788253784179688e+00
-1.390625762939453125e+01
-1.139216327667236328e+01
-2.056783485412597656e+01
-4.872924804687500000e+00
-3.518231868743896484e+00
-4.526157379150390625e+00
-8.463864326477050781e+00
-4.752526283264160156e+00
-4.609432220458984375e+00
-1.339248299598693848e+00
-3.241733789443969727e+00
-2.054507255554199219e+00
-3.492765903472900391e+00
1.225338220596313477e+00
8.164518356323242188e+00
-2.237967252731323242e+00
6.035637378692626953e+00
1.125281906127929688e+01
-5.103718757629394531e+00
8.719691276550292969e+00
-1.248766422271728516e+00
2.080052196979522705e-01
8.367778778076171875e+00
-1.481690406799316406e+00
-1.376466560363769531e+01
1.446550083160400391e+01
-9.961137771606445312e+00
7.476216793060302734e+00
-1.114264845848083496e+00
-1.494214248657226562e+01
-5.660475254058837891e+00
-1.207639884948730469e+01
-1.604936027526855469e+01
-3.861180841922760010e-01
-3.846449613571166992e+00
3.453946113586425781e-01
-1.202229976654052734e+00
1.258186101913452148e+00
3.945751905441284180e+00
8.946227282285690308e-02
-5.912837386131286621e-01
-1.227703380584716797e+01
1.066019344329833984e+01
8.574570655822753906e+00
-1.879997444152832031e+01
1.226909923553466797e+01
6.319208145141601562e+00
-2.559029340744018555e+00
-1.430652999877929688e+01
3.074083089828491211e+00
-1.407171058654785156e+01
-3.106843948364257812e+01
-3.514377176761627197e-01
-1.107356643676757812e+01
-6.789946079254150391e+00
-1.307758712768554688e+01
3.755637407302856445e+00
7.968628406524658203e+00
3.787861585617065430e+00
8.561296463012695312e+00
-1.215381813049316406e+01
5.899579524993896484e+00
-1.382719039916992188e+01
1.066108703613281250e+01
-9.116580963134765625e+00
1.543418216705322266e+01
1.014945697784423828e+01
7.647589683532714844e+00
-2.871196365356445312e+01
-6.490235805511474609e+00
3.489502668380737305e+00
-1.271437931060791016e+01
6.292487382888793945e-01
-1.828899765014648438e+01
5.198139190673828125e+00
-1.556287193298339844e+01
4.953481197357177734e+00
-3.857126712799072266e+00
-6.263945579528808594e+00
3.741326332092285156e+00
4.728327274322509766e+00
-5.888785362243652344e+00
9.101469039916992188e+00
1.006398487091064453e+01
-2.633581638336181641e+00
5.237025260925292969e+00
-1.774833083152770996e+00
4.050212800502777100e-01
-3.921450853347778320e+00
8.943240165710449219e+00
1.344228172302246094e+01
-4.713271617889404297e+00
-2.151815891265869141e+00
1.182696056365966797e+01
1.424341297149658203e+01
1.084973049163818359e+01
-1.287342357635498047e+01
6.574231624603271484e+00
-4.079340934753417969e+00
1.397901475429534912e-01
-5.558206558227539062e+00
-6.921638488769531250e+00
1.396050691604614258e+00
-1.096374225616455078e+01
-9.730193018913269043e-01
-2.421272516250610352e+00
-3.922802686691284180e+00
2.851833999156951904e-01
-9.603873252868652344e+00
6.728702545166015625e+00
9.531305313110351562e+00
1.802418678998947144e-01
6.843362808227539062e+00
1.032833290100097656e+01
1.097387313842773438e+01
-1.179558658599853516e+01
-3.607348918914794922e+00
3.629573106765747070e+00
-1.294994640350341797e+01
6.544237613677978516e+00
8.684901237487792969e+00
-9.720390319824218750e+00
-1.151169776916503906e+01
-2.280298471450805664e+00
-1.181028461456298828e+01
2.298750877380371094e+00
-2.277651309967041016e+00
-1.222969532012939453e+00
-1.234120965003967285e+00
1.876198172569274902e+00
8.128607749938964844e+00
-2.649498939514160156e+00
-1.569046139717102051e+00
-2.211585283279418945e+00
-8.593410491943359375e+00
-4.277623653411865234e+00
-8.377624511718750000e+00
-1.953549027442932129e+00
3.697981595993041992e+00
1.030535101890563965e+00
-1.448150730133056641e+01
-1.386645603179931641e+01
-4.612007617950439453e+00
4.221519947052001953e+00
7.099359035491943359e+00
8.106785774230957031e+00
6.707276344299316406e+00
1.955326676368713379e+00
-3.841977834701538086e+00
-1.276801395416259766e+01
-7.709504127502441406e+00
-2.047228097915649414e+00
-9.754516929388046265e-02
6.095680236816406250e+00
4.311269283294677734e+00
-1.994646835327148438e+01
-1.273925018310546875e+01
-1.319170475006103516e+01
-1.296492767333984375e+01
-6.611884593963623047e+00
2.171525716781616211e+00
5.210559368133544922e+00
-9.423802047967910767e-02
4.539085865020751953e+00
-1.081783580780029297e+01
9.708523750305175781e+00
-1.094058609008789062e+01
1.241269397735595703e+01
-9.570171356201171875e+00
4.364764213562011719e+00
-1.565244555473327637e+00
8.473473548889160156e+00
4.930569648742675781e+00
-7.652428627014160156e+00
7.464383125305175781e+00
-2.461907416582107544e-01
9.053371429443359375e+00
-1.039295768737792969e+01
-1.288924503326416016e+01
-3.332198038697242737e-02
-1.657637977600097656e+01
4.312243759632110596e-01
-8.128938674926757812e+00
-5.802063465118408203e+00
-1.231855583190917969e+01
-8.152684211730957031e+00
4.159626007080078125e+00
1.169669389724731445e+00
-1.063864421844482422e+01
8.090478897094726562e+00
-2.319596290588378906e+00
4.399957656860351562e+00
2.047491371631622314e-01
3.997096776962280273e+00
6.842478752136230469e+00
-2.214924573898315430e+00
5.477177143096923828e+00
1.195771980285644531e+01
-1.014873313903808594e+01
1.041793918609619141e+01
-4.917087554931640625e+00
-3.496239662170410156e+00
2.046608686447143555e+00
-4.344983577728271484e+00
-1.110875606536865234e+01
6.582635879516601562e+00
-6.958295822143554688e+00
1.170549631118774414e+00
-5.197174549102783203e+00
4.459504127502441406e+00
-1.494938468933105469e+01
4.924052715301513672e+00
-1.130587100982666016e+01
-1.448812580108642578e+01
1.546285867691040039e+00
-5.879398345947265625e+00
2.438286781311035156e+00
-6.256294250488281250e+00
-1.069362449645996094e+01
1.215414810180664062e+01
9.289483070373535156e+00
5.397386550903320312e+00
3.330628633499145508e+00
7.522492408752441406e+00
8.521335601806640625e+00
-1.079497814178466797e+01
1.267407608032226562e+01
6.403639316558837891e+00
5.897382259368896484e+00
-1.835529518127441406e+01
1.129554653167724609e+01
-2.363909184932708740e-01
-1.263539028167724609e+01
-2.695054054260253906e+00
2.859215736389160156e+00
-5.493264675140380859e+00
1.733390212059020996e+00
-6.157419681549072266e+00
3.135344743728637695e+00
-6.418902397155761719e+00
4.840305328369140625e+00
5.846246719360351562e+00
-9.015611648559570312e+00
6.788649559020996094e+00
-6.669964790344238281e+00
2.427707433700561523e+00
6.152920246124267578e+00
5.777378082275390625e+00
-4.884917736053466797e+00
8.842453002929687500e+00
-1.336228179931640625e+01
1.253684806823730469e+01
2.384997606277465820e+00
2.009689331054687500e+00
-2.483086824417114258e+00
-1.345576763153076172e+01
3.935955286026000977e+00
9.383483886718750000e+00
1.463356137275695801e+00
-1.267098331451416016e+01
-1.602954864501953125e+01
5.030991435050964355e-01
-3.578136444091796875e+00
-4.283283233642578125e+00
-1.874821543693542480e+00
-5.951526388525962830e-02
1.050385856628417969e+01
-7.495767116546630859e+00
1.203516101837158203e+01
-8.986917495727539062e+00
8.607573509216308594e+00
2.731205701828002930e+00
-7.104191780090332031e-01
-1.112401008605957031e+01
6.283826351165771484e+00
-1.235358047485351562e+01
1.483999824523925781e+01
-1.182866096496582031e+01
-1.330293893814086914e+00
4.484833717346191406e+00
-9.309753417968750000e+00
7.601310729980468750e+00
-1.551792716979980469e+01
-1.531577968597412109e+01
2.992127895355224609e+00
-1.031619548797607422e+01
-9.094255447387695312e+00
-5.917226076126098633e-01
-1.254865455627441406e+01
4.291275024414062500e+00
-4.604488849639892578e+00
-2.627565383911132812e+00
-7.820245265960693359e+00
4.851590692996978760e-01
3.680645704269409180e+00
-6.707869172096252441e-01
-1.414048194885253906e+00
4.582731723785400391e+00
-5.593587398529052734e+00
9.512671470642089844e+00
1.180700302124023438e+01
6.614564418792724609e+00
2.357609748840332031e+00
-9.222688674926757812e+00
-2.481612443923950195e+00
-1.422641181945800781e+01
-1.873236656188964844e+01
7.380972862243652344e+00
-1.201440525054931641e+01
1.550041556358337402e+00
-1.590520286560058594e+01
4.284155666828155518e-01
-8.185092926025390625e+00
-7.914541244506835938e+00
6.570212244987487793e-01
-7.500991821289062500e+00
1.539638757705688477e+00
3.084787130355834961e+00
-5.682194232940673828e+00
2.501286029815673828e+00
-4.175280094146728516e+00
1.182458019256591797e+01
1.198246383666992188e+01
-3.043897151947021484e+00
3.006417274475097656e+00
2.979317188262939453e+00
3.225830554962158203e+00
1.203985881805419922e+01
-1.233627033233642578e+01
1.236974048614501953e+01
-1.499415397644042969e+01
-1.355879187583923340e+00
-1.620383834838867188e+01
-2.537121200561523438e+01
2.252629280090332031e+00
-1.085158443450927734e+01
-1.804693818092346191e+00
2.560361146926879883e+00
-1.498365688323974609e+01
1.815704822540283203e+00
-8.793020248413085938e+00
5.525151252746582031e+00
-6.058943748474121094e+00
3.301194429397583008e+00
1.953534245491027832e+00
2.710113525390625000e+00
1.192541885375976562e+01
-4.876080989837646484e+00
1.403980350494384766e+01
6.188864231109619141e+00
8.412493705749511719e+00
1.262488269805908203e+01
1.250685691833496094e+01
-2.005621719360351562e+01
-1.056283760070800781e+01
6.086959362030029297e+00
-4.072258472442626953e+00
-1.007911443710327148e+00
-1.679553222656250000e+01
2.470548152923583984e+00
8.512801527976989746e-01
-8.895296096801757812e+00
-3.712349891662597656e+00
-6.297884583473205566e-01
3.192088127136230469e+00
9.175924301147460938e+00
-4.307926177978515625e+00
2.175152301788330078e+00
7.308170795440673828e+00
-5.836943626403808594e+00
-6.017797470092773438e+00
-2.638051748275756836e+00
8.430829048156738281e+00
-2.007386779785156250e+01
-1.057394409179687500e+01
-4.086515903472900391e+00
-3.705176591873168945e+00
2.179728269577026367e+00
-2.518187522888183594e+00
8.724123954772949219e+00
-1.929001808166503906e+01
-1.981011962890625000e+01
1.035719680786132812e+01
-5.312226772308349609e+00
-3.391588687896728516e+00
1.244931697845458984e+00
3.016912221908569336e+00
8.532392501831054688e+00
1.774468541145324707e+00
-2.110325241088867188e+01
6.218058109283447266e+00
