nan
nan
nan
nan
nan
nan
nan
nan
nan
nan
nan
nan
nan
nan
nan
nan
nan
nan
nan
2.570458030700683594e+01
2.836737632751464844e+01
1.069433116912841797e+01
8.991335868835449219e+00
3.890627145767211914e+00
-4.137109756469726562e+00
-6.904408454895019531e+00
-7.418804645538330078e+00
-1.064989948272705078e+01
-1.177773666381835938e+01
-1.435328006744384766e+01
4.003907680511474609e+00
2.204123497009277344e+01
3.090718090534210205e-01
4.446181297302246094e+00
1.105939388275146484e+00
-1.530800628662109375e+01
1.581374454498291016e+01
8.626222610473632812e+00
7.294459342956542969e+00
5.998325347900390625e+00
-1.164150834083557129e+00
-1.669542312622070312e+00
-1.554675674438476562e+01
-1.445855140686035156e+01
-6.286894798278808594e+00
-5.943994522094726562e+00
-7.770696640014648438e+00
-5.779498100280761719e+00
-3.051745891571044922e+00
1.339769721031188965e+00
6.942914962768554688e+00
1.113927936553955078e+01
2.574920654296875000e+00
8.219773292541503906e+00
5.853538036346435547e+00
-1.571862772107124329e-02
3.512830018997192383e+00
2.092294216156005859e+00
-1.246373748779296875e+01
-5.485414028167724609e+00
-6.487734317779541016e+00
-1.836462140083312988e+00
1.865428352355957031e+01
2.430389595031738281e+01
5.787246704101562500e+00
3.145070552825927734e+00
2.436483144760131836e+00
2.384529829025268555e+00
3.251194477081298828e+00
-8.126098632812500000e+00
-7.076987266540527344e+00
-7.320372104644775391e+00
-1.761903572082519531e+01
-1.708034515380859375e+01
-1.667683982849121094e+01
-1.025597381591796875e+01
-6.401915550231933594e+00
-2.255054563283920288e-01
2.315607070922851562e+01
1.977577781677246094e+01
1.085714340209960938e+01
1.000232601165771484e+01
8.984956741333007812e+00
8.487005233764648438e+00
-5.167502880096435547e+00
-1.981191515922546387e+00
1.229661822319030762e+00
2.829191207885742188e+00
5.605126857757568359e+00
5.061416625976562500e+00
-3.457799196243286133e+00
-2.020708560943603516e+00
-2.038135528564453125e+00
-3.178404092788696289e+00
-8.786723136901855469e+00
-6.792505741119384766e+00
-1.122424793243408203e+01
-1.013136863708496094e+01
-1.374990940093994141e+01
-1.485519027709960938e+01
-1.893790054321289062e+01
-1.484532642364501953e+01
-1.259556388854980469e+01
-1.136347103118896484e+01
-1.266092109680175781e+01
-9.209330558776855469e+00
-1.193343353271484375e+01
-8.468016624450683594e+00
-2.633784294128417969e+00
-1.232212924957275391e+01
-3.676669597625732422e+00
-9.159288406372070312e+00
-7.454775810241699219e+00
-5.414070606231689453e+00
-1.067810440063476562e+01
-7.269158959388732910e-01
1.175173282623291016e+01
2.466546773910522461e+00
1.826025962829589844e+01
9.220102310180664062e+00
4.203021526336669922e+00
4.992398262023925781e+00
1.459090995788574219e+01
4.747593402862548828e+00
1.922981071472167969e+01
9.801399230957031250e+00
1.981499481201171875e+01
1.737509727478027344e+01
2.005281257629394531e+01
8.633831977844238281e+00
5.177165508270263672e+00
4.160120964050292969e+00
4.648195743560791016e+00
5.459528446197509766e+00
5.711137294769287109e+00
7.581592082977294922e+00
4.770100116729736328e+00
9.181512832641601562e+00
-8.470464706420898438e+00
-1.745921516418457031e+01
-1.703707313537597656e+01
-1.121105384826660156e+01
3.429771065711975098e-01
5.951272010803222656e+00
1.118167781829833984e+01
1.112476634979248047e+01
7.744932174682617188e+00
3.669576942920684814e-01
-1.259548664093017578e+01
-6.785120964050292969e-01
-6.087726116180419922e+00
1.377144622802734375e+01
1.394656944274902344e+01
2.150859069824218750e+01
1.516744232177734375e+01
2.825701713562011719e+01
2.690942955017089844e+01
2.608825683593750000e+01
2.997859954833984375e+01
1.746199226379394531e+01
1.651436614990234375e+01
1.439223003387451172e+01
8.111358642578125000e+00
6.255973339080810547e+00
-1.210916161537170410e+00
-1.166928958892822266e+01
-1.978576183319091797e+00
-6.990774631500244141e+00
6.663541793823242188e+00
-1.490423965454101562e+01
1.285437107086181641e+00
9.323969841003417969e+00
-5.584671497344970703e+00
-1.627665400505065918e+00
6.377582073211669922e+00
9.502286911010742188e+00
2.180012941360473633e+00
-3.709132373332977295e-01
8.517507553100585938e+00
7.890621662139892578e+00
2.599307775497436523e+00
4.807862758636474609e+00
8.881395339965820312e+00
-7.463210821151733398e-02
-6.000808715820312500e+00
-8.456368446350097656e+00
-4.377946853637695312e+00
1.158208370208740234e+01
2.046576881408691406e+01
5.102891921997070312e+00
1.147226691246032715e+00
-7.055035233497619629e-01
1.150984668731689453e+01
8.390431404113769531e+00
9.387950897216796875e+00
3.691225767135620117e+00
-4.545753002166748047e+00
-4.064317226409912109e+00
-2.540218830108642578e+00
-2.251143693923950195e+00
2.110621690750122070e+00
3.449834823608398438e+00
2.071209907531738281e+01
1.534613513946533203e+01
9.782607078552246094e+00
5.230329990386962891e+00
4.488146305084228516e+00
1.833506584167480469e+00
6.301283240318298340e-01
1.375813865661621094e+01
1.374252510070800781e+01
2.990339279174804688e+01
3.045052146911621094e+01
2.373669052124023438e+01
1.457221126556396484e+01
1.599452495574951172e+01
8.988011360168457031e+00
1.059494686126708984e+01
-8.818817734718322754e-01
1.190163612365722656e+00
3.095591068267822266e+00
1.382386589050292969e+01
1.906728363037109375e+01
7.579499244689941406e+00
1.395174312591552734e+01
1.198127651214599609e+01
1.338948631286621094e+01
6.675567626953125000e+00
6.735782146453857422e+00
-4.372509479522705078e+00
4.251852989196777344e+00
-7.276913642883300781e+00
1.319235801696777344e+01
2.167295932769775391e+00
1.869922637939453125e+01
8.012363433837890625e+00
2.119112253189086914e+00
4.488415241241455078e+00
5.987410068511962891e+00
-4.484311580657958984e+00
-1.307121849060058594e+01
-1.461979293823242188e+01
-2.487751960754394531e+00
-1.059729099273681641e+00
-2.693104982376098633e+00
-1.417376697063446045e-01
5.601263642311096191e-01
7.733840465545654297e+00
5.890887737274169922e+00
1.283446025848388672e+01
9.995113372802734375e+00
1.379221820831298828e+01
2.728565406799316406e+01
1.579990577697753906e+01
2.236138534545898438e+01
8.858652114868164062e+00
7.135084152221679688e+00
4.982634544372558594e+00
7.350020408630371094e+00
1.591336059570312500e+01
2.947182178497314453e+00
6.469864845275878906e+00
1.399385452270507812e+01
1.449055290222167969e+01
1.647832489013671875e+01
8.828709602355957031e+00
4.987820148468017578e+00
1.172643184661865234e+00
3.310598611831665039e+00
3.070971488952636719e+00
-9.014764428138732910e-01
-5.158675909042358398e-01
-4.569785594940185547e+00
-6.084565162658691406e+00
-4.070832252502441406e+00
-6.942421913146972656e+00
-1.200056457519531250e+01
-6.154114723205566406e+00
-1.067628192901611328e+01
-5.715147972106933594e+00
-1.290301036834716797e+01
-1.513061904907226562e+01
-2.063327217102050781e+01
-1.683885383605957031e+01
-9.994367599487304688e+00
-1.886175918579101562e+01
-1.158655357360839844e+01
-1.809008598327636719e+01
-1.336934089660644531e+01
-1.383541393280029297e+01
-1.504647445678710938e+01
-1.050696849822998047e+01
-1.459332084655761719e+01
-1.361311626434326172e+01
-1.454828834533691406e+01
-1.319300651550292969e+01
-9.180899620056152344e+00
-4.893491268157958984e-01
-3.030349731445312500e+00
-4.457777023315429688e+00
-6.770752429962158203e+00
-4.012460708618164062e+00
-1.228654861450195312e+00
7.348549365997314453e-01
-3.414572477340698242e+00
-3.806513547897338867e+00
-2.116083860397338867e+00
2.831770896911621094e+00
-2.572323381900787354e-01
7.766927242279052734e+00
1.069716262817382812e+01
9.484166145324707031e+00
3.752231121063232422e+00
9.275092124938964844e+00
8.279238700866699219e+00
1.178956794738769531e+01
9.546787261962890625e+00
1.102027225494384766e+01
6.783143997192382812e+00
7.467040538787841797e+00
1.115851783752441406e+01
1.227600860595703125e+01
8.241670608520507812e+00
1.358919906616210938e+01
1.295514392852783203e+01
9.908802032470703125e+00
4.642714500427246094e+00
4.111687183380126953e+00
3.281829118728637695e+00
-1.658237427473068237e-01
3.046434640884399414e+00
9.164889454841613770e-01
1.361035823822021484e+00
3.424345016479492188e+00
4.898957252502441406e+00
7.120776653289794922e+00
1.009741401672363281e+01
5.470726490020751953e+00
2.889020681381225586e+00
1.563914656639099121e+00
-4.031187057495117188e+00
2.172500610351562500e+00
3.970800638198852539e+00
-9.346187591552734375e+00
-7.539682865142822266e+00
-9.755309104919433594e+00
-1.041676425933837891e+01
-1.102142524719238281e+01
-9.400681495666503906e+00
-6.297761917114257812e+00
-2.459908485412597656e+00
-1.123016262054443359e+01
-5.053151130676269531e+00
-1.514851570129394531e+00
-8.759556412696838379e-01
-7.854363918304443359e-01
-1.467603087425231934e+00
-5.061369895935058594e+00
-3.967696189880371094e+00
2.488055944442749023e+00
-3.731657981872558594e+00
5.349342823028564453e-01
3.829195737838745117e+00
1.318121910095214844e+01
1.661334228515625000e+01
1.613448524475097656e+01
7.485410213470458984e+00
5.301115989685058594e+00
4.369648933410644531e+00
1.991147279739379883e+00
6.783719539642333984e+00
-6.381904602050781250e+00
-6.307855606079101562e+00
-1.085650825500488281e+01
-1.788949966430664062e+01
-1.601978302001953125e+01
-1.846182823181152344e+01
-4.723084449768066406e+00
-1.643599510192871094e+01
-1.688271713256835938e+01
-1.411164379119873047e+01
-1.200275802612304688e+01
-1.133481597900390625e+01
-9.567358016967773438e+00
-5.000669479370117188e+00
2.438868522644042969e+00
1.954269766807556152e+00
1.908917427062988281e+00
1.829114079475402832e+00
-7.246308326721191406e-01
-1.837745547294616699e+00
-5.859640836715698242e-01
-8.726879954338073730e-01
1.752500385046005249e-01
1.534807801246643066e+00
3.727655410766601562e+00
2.698929786682128906e+00
4.320528984069824219e+00
2.212327241897583008e+00
1.383285880088806152e+00
7.240567207336425781e-01
1.090902209281921387e+00
4.862725734710693359e-01
-2.094395160675048828e+00
-2.694165468215942383e+00
-2.718354225158691406e+00
-1.017403483390808105e+00
-6.015825271606445312e-01
-1.101046681404113770e+00
8.888350725173950195e-01
3.550403833389282227e+00
3.005213439464569092e-01
6.114920973777770996e-01
4.524564266204833984e+00
3.634590864181518555e+00
9.201377630233764648e-01
-9.846574664115905762e-01
3.088998496532440186e-01
-2.389788150787353516e+00
-3.445753335952758789e+00
-4.055676937103271484e+00
-6.569093704223632812e+00
-6.938269615173339844e+00
-5.641705036163330078e+00
-2.331287622451782227e+00
-1.078124880790710449e+00
1.500121504068374634e-01
-1.188703536987304688e+00
-1.244173645973205566e+00
-6.180056095123291016e+00
-5.039525985717773438e+00
-9.819050788879394531e+00
-8.056743621826171875e+00
-9.557476997375488281e+00
-9.387725830078125000e+00
-8.415798187255859375e+00
-9.077064514160156250e+00
-2.697648048400878906e+00
-4.187974929809570312e+00
-1.173453807830810547e+00
-2.141482830047607422e+00
-2.378150701522827148e+00
5.581882476806640625e+00
4.192506790161132812e+00
7.669755220413208008e-01
9.668490886688232422e-01
2.801140785217285156e+00
1.474537253379821777e+00
-3.103686094284057617e+00
-4.330413043498992920e-02
2.350292950868606567e-01
-8.152925372123718262e-01
-1.637155413627624512e+00
1.440716743469238281e+00
1.468531489372253418e+00
9.003179669380187988e-01
2.152992725372314453e+00
1.875231027603149414e+00
1.730955094099044800e-01
1.303891658782958984e+00
1.357884109020233154e-01
4.558558464050292969e-01
-4.669689238071441650e-01
3.009201288223266602e+00
4.001128673553466797e+00
4.303212165832519531e+00
4.971879959106445312e+00
5.459849357604980469e+00
8.339202880859375000e+00
8.492550849914550781e+00
8.908293724060058594e+00
4.933623790740966797e+00
7.952367305755615234e+00
7.938379764556884766e+00
5.987710952758789062e+00
1.803226828575134277e+00
4.502929210662841797e+00
4.609425067901611328e+00
4.016553878784179688e+00
3.419283151626586914e+00
7.472970008850097656e+00
6.822092533111572266e+00
6.199371814727783203e+00
4.288783550262451172e+00
7.240427970886230469e+00
1.150421714782714844e+01
9.088770866394042969e+00
5.757774353027343750e+00
4.339341640472412109e+00
8.518552780151367188e+00
8.652545928955078125e+00
6.318763256072998047e+00
1.254837751388549805e+00
3.484410047531127930e+00
9.513383507728576660e-01
4.610193252563476562e+00
7.701588153839111328e+00
6.405580997467041016e+00
4.351159572601318359e+00
9.035425186157226562e+00
4.893886089324951172e+00
6.869593620300292969e+00
2.816703319549560547e-01
6.901076436042785645e-01
-1.896926045417785645e+00
-3.839833974838256836e+00
-5.153518676757812500e+00
-1.195417404174804688e+01
-9.343074798583984375e+00
-6.634953498840332031e+00
-6.833208560943603516e+00
-6.352547645568847656e+00
-6.903644084930419922e+00
-9.844796180725097656e+00
-9.343437194824218750e+00
-1.172361660003662109e+01
-5.912643909454345703e+00
-4.203349590301513672e+00
-3.709054470062255859e+00
-2.806803226470947266e+00
-5.992327690124511719e+00
-1.894120693206787109e+00
