-3.265690803527832031e-01
-1.744691371917724609e+00
1.881952643394470215e+00
1.004136919975280762e+00
-1.172232031822204590e+00
1.288890242576599121e+00
-3.934700012207031250e+00
1.071008682250976562e+00
-6.670782089233398438e+00
3.957796573638916016e+00
2.119032382965087891e+00
-1.315731644630432129e+00
5.211512744426727295e-02
-1.496743679046630859e+00
-5.801845788955688477e-01
-2.672803640365600586e+00
-1.791172742843627930e+00
1.959608793258666992e+00
9.015227317810058594e+00
-3.614825248718261719e+00
-3.533597946166992188e+00
7.644931316375732422e+00
1.545163750648498535e+00
7.501100301742553711e-01
1.405555172823369503e-03
7.047303676605224609e+00
1.013572311401367188e+01
1.371313929557800293e+00
-5.978373810648918152e-03
-3.433319568634033203e+00
-1.246742534637451172e+01
-1.752963662147521973e+00
2.533166408538818359e+00
3.045253992080688477e+00
-4.100590348243713379e-01
4.592117309570312500e+00
1.482092142105102539e+00
-4.926363527774810791e-01
7.291976451873779297e+00
-3.987481832504272461e+00
-5.698995590209960938e+00
-9.406267166137695312e+00
-5.168471336364746094e+00
4.199646472930908203e+00
1.447095966339111328e+01
2.592968046665191650e-01
1.593336868286132812e+01
4.930265426635742188e+00
7.952210903167724609e+00
1.112733936309814453e+01
3.537567853927612305e+00
1.610056757926940918e+00
-1.455452322959899902e+00
1.863810420036315918e+00
7.765130996704101562e+00
2.725533485412597656e+00
3.196358203887939453e+00
1.963357090950012207e+00
7.646695137023925781e+00
1.378296375274658203e+01
1.107443809509277344e+01
1.178235054016113281e+01
9.581999778747558594e+00
7.595339775085449219e+00
1.274983310699462891e+01
1.092099857330322266e+01
3.316051006317138672e+00
3.781744241714477539e+00
1.398046684265136719e+01
2.041323661804199219e+01
2.253981399536132812e+01
2.135356330871582031e+01
5.424125194549560547e+00
1.146755981445312500e+01
9.408180236816406250e+00
1.293117046356201172e+01
-4.365316033363342285e-01
1.198598670959472656e+01
-8.284240722656250000e+00
5.959788322448730469e+00
-1.506428337097167969e+01
-7.867751598358154297e+00
-5.784426331520080566e-01
-1.175370025634765625e+01
2.028735399246215820e+00
-3.194010019302368164e+00
1.690916180610656738e+00
2.707304954528808594e+00
-1.324002504348754883e+00
-6.969195842742919922e+00
-4.768682003021240234e+00
-2.959472656250000000e+00
-3.981103897094726562e-01
-1.608762741088867188e-01
-5.092994213104248047e+00
-3.264798641204833984e+00
-1.515665650367736816e+00
1.262848377227783203e+01
1.850501823425292969e+01
8.907458305358886719e+00
5.136483669281005859e+00
1.517230987548828125e+00
1.359411001205444336e+00
7.738567352294921875e+00
7.639669895172119141e+00
4.802914142608642578e+00
6.572741985321044922e+00
8.326362609863281250e+00
1.475333976745605469e+01
7.792314052581787109e+00
1.776806831359863281e+01
1.062082004547119141e+01
9.442993164062500000e+00
5.354532241821289062e+00
7.857748985290527344e+00
3.857285976409912109e+00
2.202136516571044922e+00
5.605966567993164062e+00
-2.393316507339477539e+00
2.747277498245239258e+00
9.752576828002929688e+00
5.188045501708984375e+00
3.620735883712768555e+00
-4.464756011962890625e+00
-1.531474018096923828e+01
-9.210617542266845703e-01
-1.415863227844238281e+01
-3.711304068565368652e-01
-1.003356647491455078e+01
3.173452854156494141e+00
-9.712841987609863281e+00
-1.195476055145263672e+01
-1.685270118713378906e+01
-1.213998985290527344e+01
-6.023315429687500000e+00
-5.045704841613769531e-01
1.872278976440429688e+01
1.530027103424072266e+01
2.445950508117675781e+01
1.452921962738037109e+01
1.543800830841064453e+01
1.092604160308837891e+01
1.701451873779296875e+01
2.102063369750976562e+01
3.531393814086914062e+01
2.209049987792968750e+01
1.649850463867187500e+01
9.637497901916503906e+00
1.147421932220458984e+01
1.537797451019287109e+01
2.620746612548828125e+00
9.276304244995117188e+00
-5.101356983184814453e+00
-6.176016807556152344e+00
-3.617432117462158203e-01
3.126039981842041016e+00
-2.547518491744995117e+00
-1.210379981994628906e+01
-1.528529167175292969e+01
-1.877758026123046875e+01
-1.700572395324707031e+01
-8.375671386718750000e+00
-9.270210266113281250e+00
-9.329174995422363281e+00
6.761688709259033203e+00
2.693351268768310547e+00
2.887567758560180664e+00
-1.537563055753707886e-01
2.036212921142578125e+00
-6.198416233062744141e+00
-1.557825088500976562e+01
-1.429570007324218750e+01
4.074859321117401123e-01
-4.915165424346923828e+00
-1.763651084899902344e+01
-1.125418281555175781e+01
-2.274062347412109375e+01
-6.929880619049072266e+00
4.723670780658721924e-01
-7.403247356414794922e+00
-1.395180797576904297e+01
-1.755502319335937500e+01
-2.953119277954101562e+01
-1.060787105560302734e+01
-1.858645629882812500e+01
-1.974841690063476562e+01
-5.258672714233398438e+00
-6.680501937866210938e+00
-1.578511524200439453e+01
-2.556978225708007812e+00
-6.860864162445068359e+00
-6.945101261138916016e+00
-7.615000724792480469e+00
-5.514220237731933594e+00
9.512829780578613281e+00
2.333755874633789062e+01
2.039814758300781250e+01
3.282320404052734375e+01
2.913151168823242188e+01
3.312730407714843750e+01
2.925757408142089844e+01
4.064849472045898438e+01
1.811504173278808594e+01
2.709065628051757812e+01
2.512337303161621094e+01
2.146482086181640625e+01
1.964770126342773438e+01
1.937789916992187500e+01
2.419384956359863281e+01
3.698268508911132812e+01
2.894357109069824219e+01
2.768207359313964844e+01
2.025999069213867188e+01
7.162015914916992188e+00
8.566293716430664062e+00
1.870901346206665039e+00
7.389567375183105469e+00
1.528011703491210938e+01
7.844130039215087891e+00
1.798449134826660156e+01
3.787234067916870117e+00
7.818564772605895996e-01
-4.012780666351318359e+00
-1.143623924255371094e+01
-1.314801216125488281e+01
-1.530334568023681641e+01
-9.512877464294433594e+00
-1.948482894897460938e+01
-9.286686897277832031e+00
-3.975579977035522461e+00
2.703410387039184570e+00
7.853803157806396484e+00
5.352363586425781250e+00
8.490745544433593750e+00
-4.434457302093505859e+00
-5.282949924468994141e+00
-3.587547063827514648e+00
-3.482643604278564453e+00
7.073363661766052246e-01
-5.258744359016418457e-01
4.388165950775146484e+00
3.855638027191162109e+00
-1.060433101654052734e+01
-6.278036594390869141e+00
-6.378228187561035156e+00
-1.197273159027099609e+01
-4.575058460235595703e+00
-8.545353889465332031e+00
1.197495746612548828e+01
1.713530158996582031e+01
9.007958412170410156e+00
8.434793472290039062e+00
-4.527814388275146484e+00
-4.020657539367675781e+00
-3.703047990798950195e+00
-2.173047304153442383e+00
-1.160871386528015137e+00
7.378198623657226562e+00
-1.611700057983398438e+00
2.713481903076171875e+00
-4.322912216186523438e+00
-2.074934959411621094e+00
4.517633438110351562e+00
6.922140121459960938e-01
6.734538078308105469e+00
1.315418720245361328e+01
6.133261203765869141e+00
-3.581283092498779297e-01
-5.676806449890136719e+00
-7.688268661499023438e+00
-3.213056802749633789e+00
-8.684556961059570312e+00
-9.933316230773925781e+00
-2.423132896423339844e+00
