nan
nan
nan
nan
nan
nan
nan
nan
nan
nan
nan
nan
nan
nan
nan
nan
nan
nan
nan
2.214805793762207031e+01
2.149114036560058594e+01
6.084396362304687500e+00
6.799439907073974609e+00
1.808950781822204590e+00
2.686519384384155273e+00
-4.248903751373291016e+00
-6.469123363494873047e+00
-1.268962955474853516e+01
-1.313861083984375000e+01
-1.751202011108398438e+01
3.116945266723632812e+00
1.704986953735351562e+01
3.364573001861572266e+00
2.163575649261474609e+00
2.014255285263061523e+00
-1.511263847351074219e+01
1.540821647644042969e+01
9.783787727355957031e+00
6.233895301818847656e+00
6.971618175506591797e+00
-6.298637986183166504e-01
3.724811792373657227e+00
-1.631882858276367188e+01
-2.326901054382324219e+01
-7.663182258605957031e+00
-5.638171195983886719e+00
-1.754327201843261719e+01
-5.809773921966552734e+00
-4.441419601440429688e+00
1.216866374015808105e+00
8.501397132873535156e+00
9.284227371215820312e+00
1.602569818496704102e+00
1.251222610473632812e+01
1.953880691528320312e+01
5.814353466033935547e+00
6.481582641601562500e+00
1.303916692733764648e+00
-1.327465724945068359e+01
-3.463508844375610352e+00
-3.748098909854888916e-01
7.095635414123535156e+00
1.675260353088378906e+01
1.553348064422607422e+01
2.573366165161132812e+01
4.419678688049316406e+00
6.703948497772216797e+00
3.818303823471069336e+00
5.998811721801757812e+00
-5.333677768707275391e+00
-1.098720073699951172e+01
-1.072475910186767578e+01
-1.510260677337646484e+01
-9.219483375549316406e+00
-9.352705001831054688e+00
-9.933745384216308594e+00
-1.198143196105957031e+01
1.752942323684692383e+00
1.897000885009765625e+01
1.372093868255615234e+01
2.725567817687988281e+00
-9.925203919410705566e-01
4.241787910461425781e+00
1.838995575904846191e+00
9.703380055725574493e-03
4.363402366638183594e+00
2.054142475128173828e+00
4.880937099456787109e+00
6.048124313354492188e+00
4.684507369995117188e+00
-4.205049276351928711e-01
1.286084413528442383e+00
-1.046744465827941895e+00
-3.084260821342468262e-01
-2.211651802062988281e+00
-1.151903629302978516e+00
-1.857548141479492188e+01
-3.622591495513916016e+00
-2.131816482543945312e+01
-9.148617744445800781e+00
-1.738489151000976562e+01
-2.800930786132812500e+01
-6.387122154235839844e+00
-2.067053031921386719e+01
-1.794122314453125000e+01
-2.556812667846679688e+01
-2.646172904968261719e+01
-1.691459274291992188e+01
-1.156655025482177734e+01
-1.684028434753417969e+01
-1.275934886932373047e+01
-1.049627113342285156e+01
-7.207754135131835938e+00
-7.586659908294677734e+00
-1.041166973114013672e+01
-3.451761722564697266e+00
8.706283569335937500e+00
1.004365158081054688e+01
9.295654296875000000e+00
9.984652519226074219e+00
4.337193489074707031e+00
8.312870979309082031e+00
1.833209991455078125e+01
5.865016937255859375e+00
1.527832031250000000e+01
9.989803314208984375e+00
1.886935806274414062e+01
1.742896652221679688e+01
2.342285728454589844e+01
8.610939979553222656e+00
8.969584465026855469e+00
8.867760658264160156e+00
7.669051170349121094e+00
1.245258426666259766e+01
7.300920009613037109e+00
9.489674568176269531e+00
6.730528831481933594e+00
7.443535804748535156e+00
1.631126552820205688e-01
-1.702355194091796875e+01
-1.835090637207031250e+01
-1.449022102355957031e+01
-4.945100307464599609e+00
9.731757044792175293e-01
7.858747482299804688e+00
4.140521049499511719e+00
-3.277699649333953857e-01
-1.548023939132690430e+00
-1.339892959594726562e+01
-9.891253471374511719e+00
-6.465796947479248047e+00
1.044668197631835938e+01
1.729605674743652344e+00
8.750782966613769531e+00
2.242453002929687500e+01
2.808691596984863281e+01
1.797830772399902344e+01
1.721084785461425781e+01
2.018438529968261719e+01
1.303793430328369141e+01
1.806928634643554688e+01
1.425291633605957031e+01
1.136854457855224609e+01
8.046971321105957031e+00
2.969667911529541016e+00
-3.279008388519287109e+00
-1.734551906585693359e+00
-4.803064346313476562e+00
3.636785984039306641e+00
-1.560095310211181641e+00
-5.795816898345947266e+00
7.968081474304199219e+00
-1.558047413825988770e+00
-2.734308719635009766e+00
-8.464214324951171875e+00
-5.385260581970214844e+00
-5.063724994659423828e+00
-3.499065160751342773e+00
2.729777336120605469e+00
7.063309192657470703e+00
9.718238830566406250e+00
3.740875005722045898e+00
1.338856792449951172e+01
6.959163546562194824e-01
-1.445722961425781250e+01
-9.890085220336914062e+00
-8.945700645446777344e+00
1.089949893951416016e+01
1.776365470886230469e+01
6.758579254150390625e+00
7.543694019317626953e+00
8.942617416381835938e+00
1.042100524902343750e+01
1.453205204010009766e+01
7.835899829864501953e+00
6.193259239196777344e+00
-2.763902425765991211e+00
-3.532713651657104492e+00
-5.186658859252929688e+00
-6.454998016357421875e+00
7.714602947235107422e+00
8.667339324951171875e+00
2.865624618530273438e+01
1.369312858581542969e+01
2.004065132141113281e+01
6.745079517364501953e+00
3.829193353652954102e+00
1.432639956474304199e-01
1.439844489097595215e+00
7.735391139984130859e+00
2.226371574401855469e+01
3.114017486572265625e+01
2.049908828735351562e+01
1.918059730529785156e+01
1.198800277709960938e+01
1.137058258056640625e+01
8.593064308166503906e+00
1.087133216857910156e+01
-1.446639657020568848e+00
-9.373860359191894531e-01
-1.402255177497863770e+00
1.106548881530761719e+01
1.449500179290771484e+01
4.190889835357666016e+00
1.463278579711914062e+01
1.552689647674560547e+01
1.177091121673583984e+01
9.486931800842285156e+00
7.370467185974121094e+00
-1.136874437332153320e+00
-7.042798995971679688e+00
-1.214004230499267578e+01
-1.914910823106765747e-01
-2.826087474822998047e+00
1.498321056365966797e+01
-5.832665562629699707e-01
9.742679595947265625e+00
3.860175371170043945e+00
2.411606550216674805e+00
-7.375921726226806641e+00
-1.238409233093261719e+01
-1.189535045623779297e+01
-5.852794170379638672e+00
-1.518705248832702637e+00
3.277454376220703125e+00
5.911611080169677734e+00
6.773018360137939453e+00
9.108588218688964844e+00
-8.479619622230529785e-01
5.559150218963623047e+00
1.082355880737304688e+01
9.828833580017089844e+00
1.794921112060546875e+01
1.202131175994873047e+01
2.570736312866210938e+01
1.257999801635742188e+01
1.473938941955566406e+01
1.545747947692871094e+01
1.906797790527343750e+01
1.897933578491210938e+01
5.822632789611816406e+00
7.351762771606445312e+00
7.094797611236572266e+00
1.233083534240722656e+01
1.409002304077148438e+01
1.161164093017578125e+01
1.416404342651367188e+01
7.706578254699707031e+00
1.032034873962402344e+01
7.672990798950195312e+00
5.075296878814697266e+00
8.279914855957031250e+00
8.815497756004333496e-01
4.133714675903320312e+00
-1.428947329521179199e+00
-6.226398944854736328e+00
-2.252850770950317383e+00
-5.052122592926025391e+00
-2.180334553122520447e-02
-5.715669155120849609e+00
-5.014762878417968750e+00
-6.734383106231689453e+00
-2.975764989852905273e+00
-7.485971927642822266e+00
-5.119873523712158203e+00
-1.284591555595397949e+00
-8.163725852966308594e+00
-1.197188663482666016e+01
-7.385020256042480469e+00
2.721943616867065430e+00
-3.968148469924926758e+00
-1.483694553375244141e+00
-3.284021377563476562e+00
-4.126933097839355469e+00
-5.275383949279785156e+00
-9.334939002990722656e+00
-3.664978027343750000e+00
1.234439086914062500e+01
1.118296623229980469e+01
-6.074085712432861328e+00
-5.558996200561523438e+00
2.993108749389648438e+00
8.414916038513183594e+00
1.025673198699951172e+01
-1.093169593811035156e+01
-1.125228691101074219e+01
-2.300897121429443359e+00
7.174585819244384766e+00
3.736908912658691406e+00
1.462644290924072266e+01
3.905512332916259766e+00
5.731131076812744141e+00
7.680766582489013672e+00
5.178024768829345703e+00
8.372810363769531250e+00
1.415762901306152344e+01
1.288607883453369141e+01
1.777469825744628906e+01
1.779319953918457031e+01
1.048197460174560547e+01
1.466815471649169922e+01
2.158665657043457031e+01
2.232321548461914062e+01
2.288416862487792969e+01
1.936339759826660156e+01
2.063203811645507812e+01
1.955062866210937500e+01
1.318931102752685547e+01
5.445213794708251953e+00
1.077415657043457031e+01
4.441960811614990234e+00
-4.705133914947509766e+00
2.558914184570312500e+00
7.242729067802429199e-01
-9.878379106521606445e-01
8.588710784912109375e+00
8.132571220397949219e+00
8.616806030273437500e+00
1.122794723510742188e+01
1.537524461746215820e+00
-4.165133953094482422e+00
-3.482758045196533203e+00
-8.190833330154418945e-01
-1.064835453033447266e+01
-1.032418251037597656e+01
-1.672724342346191406e+01
-1.574760818481445312e+01
-1.435074520111083984e+01
-1.526320457458496094e+01
-4.983609199523925781e+00
-7.121120691299438477e-01
-4.555075645446777344e+00
-6.214008927345275879e-01
1.229142904281616211e+00
-4.685101509094238281e+00
1.333131551742553711e+00
2.300698757171630859e+00
-2.089546203613281250e+00
-5.848711013793945312e+00
1.006110382080078125e+01
2.073252648115158081e-01
-1.984295129776000977e+00
4.680900573730468750e+00
1.223566627502441406e+01
1.527377033233642578e+01
3.008213615417480469e+01
1.518327999114990234e+01
1.775190734863281250e+01
1.274878501892089844e+01
1.187569618225097656e+01
1.164636802673339844e+01
-1.774483680725097656e+00
-3.356226205825805664e+00
-7.532694339752197266e+00
-1.089882564544677734e+01
-6.808523654937744141e+00
-7.671627998352050781e+00
-3.871225118637084961e+00
-8.144208908081054688e+00
-2.718430757522583008e+00
-8.979981422424316406e+00
-1.200293922424316406e+01
-5.365077018737792969e+00
1.861766338348388672e+00
-1.612128376960754395e+00
3.524803400039672852e+00
4.635057926177978516e+00
5.225156784057617188e+00
4.046464920043945312e+00
-2.299828529357910156e+00
2.412607431411743164e+00
-4.154464244842529297e+00
2.182013034820556641e+00
4.143989086151123047e+00
1.975278496742248535e+00
4.511317729949951172e+00
-4.175613522529602051e-01
1.484205126762390137e+00
1.273873448371887207e+00
9.576522707939147949e-01
2.103634595870971680e+00
8.531701564788818359e-01
8.539479255676269531e+00
9.907933235168457031e+00
1.349098682403564453e+01
1.285140991210937500e+01
1.317961311340332031e+01
1.453634071350097656e+01
1.365740394592285156e+01
1.602032279968261719e+01
9.501176834106445312e+00
9.825176596641540527e-01
-7.582570314407348633e-01
-5.025839328765869141e+00
-3.841180801391601562e+00
-1.798258066177368164e+00
1.607534885406494141e+00
-4.976262569427490234e+00
3.262950658798217773e+00
6.755234241485595703e+00
9.220751762390136719e+00
8.994889259338378906e+00
1.004149818420410156e+01
9.775434494018554688e+00
6.429275989532470703e+00
1.057123184204101562e+01
5.780142307281494141e+00
4.802401542663574219e+00
5.103106021881103516e+00
-1.668651819229125977e+00
5.229465007781982422e+00
7.221951484680175781e+00
5.712397098541259766e+00
9.343826293945312500e+00
1.095808601379394531e+01
1.016658878326416016e+01
1.136845779418945312e+01
2.015898513793945312e+01
1.577390956878662109e+01
4.567460060119628906e+00
2.206188917160034180e+00
2.124437570571899414e+00
1.444833159446716309e+00
3.850883722305297852e+00
8.615807533264160156e+00
1.676338958740234375e+01
1.578994369506835938e+01
9.552165031433105469e+00
1.393571090698242188e+01
5.205137252807617188e+00
-8.136306762695312500e+00
-2.219633817672729492e+00
-1.145783901214599609e+00
-6.309441089630126953e+00
-1.557773590087890625e+00
3.247383117675781250e+00
6.175614356994628906e+00
5.459209442138671875e+00
1.363673114776611328e+01
1.241097354888916016e+01
9.496041297912597656e+00
8.895320892333984375e+00
-6.685994625091552734e+00
-7.650017261505126953e+00
-4.620964050292968750e+00
-1.385334968566894531e+00
6.657608985900878906e+00
9.970994949340820312e+00
9.731314659118652344e+00
1.069212341308593750e+01
1.160493755340576172e+01
3.076514720916748047e+00
4.870056152343750000e+00
1.043686866760253906e+01
1.116438865661621094e+01
3.696091413497924805e+00
-2.401285409927368164e+00
-1.298232197761535645e+00
9.131920814514160156e+00
3.167479515075683594e+00
6.672177791595458984e+00
1.828160881996154785e+00
7.745956897735595703e+00
9.063206672668457031e+00
4.630795955657958984e+00
1.053108406066894531e+01
7.140805721282958984e+00
8.496737480163574219e+00
7.418001651763916016e+00
1.012634468078613281e+01
1.175025653839111328e+01
6.304694652557373047e+00
5.094208717346191406e+00
5.367713928222656250e+00
1.945668309926986694e-01
6.650299072265625000e+00
6.852736473083496094e+00
4.452648162841796875e+00
1.743593692779541016e+00
4.706815719604492188e+00
3.537896871566772461e+00
8.200826644897460938e+00
7.890734672546386719e-01
2.004150629043579102e+00
-3.588878154754638672e+00
-4.905047893524169922e+00
-5.570665359497070312e+00
-8.941884040832519531e+00
-9.314780235290527344e+00
-9.402670860290527344e+00
-1.755525016784667969e+01
-1.764472770690917969e+01
-6.675396919250488281e+00
-1.361609649658203125e+01
-1.331687545776367188e+01
-1.060296154022216797e+01
-9.009533882141113281e+00
-3.792024135589599609e+00
-7.964180469512939453e+00
-9.767439842224121094e+00
-7.917420387268066406e+00
-3.075555086135864258e+00
