4.801709175109863281e+00
-3.533556938171386719e+00
7.842863559722900391e+00
-2.425303697586059570e+00
-1.788285827636718750e+01
-3.876495361328125000e+01
-1.042309665679931641e+01
-9.215632438659667969e+00
-1.412634468078613281e+01
-1.728759384155273438e+01
-1.841079521179199219e+01
-1.045724105834960938e+01
-5.322802066802978516e+00
2.058969736099243164e+00
2.522051811218261719e+01
1.223542499542236328e+01
2.241949272155761719e+01
1.030718803405761719e+01
1.673800659179687500e+01
1.796141982078552246e+00
1.090265274047851562e+01
-1.184343457221984863e+00
5.453953266143798828e+00
-1.236743068695068359e+01
-1.426854419708251953e+01
-1.279834842681884766e+01
-2.489137411117553711e+00
-5.596555709838867188e+00
-1.066130447387695312e+01
-1.932775115966796875e+01
-1.953228378295898438e+01
-1.798786163330078125e+01
-3.109763145446777344e+01
-1.508312511444091797e+01
-6.352672100067138672e+00
2.168781280517578125e+01
1.964464187622070312e+01
-7.944546222686767578e+00
2.424650430679321289e+00
2.871568441390991211e+00
2.815255880355834961e+00
-1.830925178527832031e+01
3.198778629302978516e+00
-1.837664031982421875e+01
-1.566814041137695312e+01
-9.102803230285644531e+00
-2.657090425491333008e+00
-2.430171775817871094e+01
-2.915477943420410156e+01
-1.425343894958496094e+01
-5.162470340728759766e+00
-1.628149032592773438e+01
-1.622098541259765625e+01
-3.692413806915283203e+00
1.415590667724609375e+01
-2.601857423782348633e+00
-3.354029893875122070e+00
-5.141333103179931641e+00
2.228824806213378906e+01
-1.310811710357666016e+01
6.770439624786376953e+00
1.214805412292480469e+01
-1.249028301239013672e+01
4.753460884094238281e+00
-8.527698516845703125e+00
-2.629989385604858398e+00
-1.520565223693847656e+01
-7.843714714050292969e+00
-1.780626869201660156e+01
-1.497930240631103516e+01
-2.665385246276855469e+00
-1.816626358032226562e+01
7.341380119323730469e+00
-8.849532127380371094e+00
-9.718354225158691406e+00
2.478955745697021484e+00
-1.145545768737792969e+01
1.953557777404785156e+01
5.457240104675292969e+00
1.223364353179931641e+01
-5.571943521499633789e-01
7.935623526573181152e-01
-1.413766098022460938e+01
-2.901021242141723633e+00
7.628864049911499023e-01
-9.596254825592041016e-01
-1.054749202728271484e+01
-1.169682884216308594e+01
-1.013936519622802734e+01
-1.085522460937500000e+01
-1.426755428314208984e+01
-1.113469028472900391e+01
-1.254800796508789062e+01
-1.002471256256103516e+01
-4.338089466094970703e+00
-1.850558471679687500e+01
-7.812054157257080078e+00
-5.177525043487548828e+00
-1.939422798156738281e+01
-4.003668785095214844e+00
-5.882937431335449219e+00
-5.019517421722412109e+00
-2.361029386520385742e+00
-1.992155313491821289e+00
7.533942222595214844e+00
1.931459808349609375e+01
5.048318386077880859e+00
1.339613628387451172e+01
2.482658386230468750e+00
-1.758273506164550781e+01
-3.580608606338500977e+00
-3.097075462341308594e+00
-1.808688163757324219e+01
-7.192143797874450684e-01
-1.005512523651123047e+01
-1.515932846069335938e+01
-2.889433479309082031e+01
-1.712828826904296875e+01
-1.077211952209472656e+01
-1.667147064208984375e+01
-1.648495292663574219e+01
-2.074977874755859375e+01
1.595218849182128906e+01
1.878731155395507812e+01
-7.591012477874755859e+00
1.775831222534179688e+01
1.588953971862792969e+01
1.748048186302185059e+00
7.590467929840087891e+00
1.624169921875000000e+01
-1.817494869232177734e+00
-1.555001163482666016e+01
6.817224502563476562e+00
-2.676659584045410156e+00
5.704241752624511719e+00
-6.141140460968017578e+00
-5.532656908035278320e-01
6.168076992034912109e+00
-1.361218452453613281e+01
2.792843103408813477e+00
-2.520447540283203125e+01
2.177023410797119141e+00
-2.638122558593750000e+01
1.615785598754882812e+01
-1.037877655029296875e+01
1.606844711303710938e+01
1.403088283538818359e+01
1.243157005310058594e+01
-2.071280288696289062e+01
4.855360984802246094e+00
-1.957399606704711914e+00
-6.114246845245361328e+00
8.159267425537109375e+00
-1.230791187286376953e+01
4.701117515563964844e+00
-7.064830303192138672e+00
2.499015808105468750e+00
-3.522026538848876953e+00
-1.161089706420898438e+01
-1.114723682403564453e+01
-8.265303611755371094e+00
-1.948426437377929688e+01
-7.940687656402587891e+00
-2.644177436828613281e+00
-1.315166664123535156e+01
-1.007655620574951172e+01
-1.211471462249755859e+01
-7.343271255493164062e+00
-1.351804828643798828e+01
7.845134735107421875e+00
2.024978828430175781e+01
-9.662549972534179688e+00
1.512923812866210938e+01
1.744804000854492188e+01
1.999721908569335938e+01
3.037391090393066406e+01
1.441351413726806641e+01
1.883711242675781250e+01
9.717851638793945312e+00
1.144401645660400391e+01
1.281769275665283203e+01
3.649791955947875977e+00
1.673088264465332031e+01
-6.326331138610839844e+00
1.018738842010498047e+01
4.709627628326416016e+00
-8.727950096130371094e+00
-6.322603225708007812e+00
-1.134601306915283203e+01
7.329624295234680176e-01
1.305353260040283203e+01
-2.764269590377807617e+00
1.278598403930664062e+01
1.797477912902832031e+01
2.110322380065917969e+01
-8.679190635681152344e+00
-3.057953119277954102e+00
8.118441581726074219e+00
-1.500394725799560547e+01
1.429947853088378906e+01
1.776021957397460938e+01
6.461039543151855469e+00
1.640641212463378906e+00
6.705192089080810547e+00
-2.053283691406250000e+01
8.551270484924316406e+00
6.698627471923828125e+00
2.555663108825683594e+00
4.862958490848541260e-01
-1.838190436363220215e+00
2.510076999664306641e+00
-1.065102577209472656e+01
-1.286795043945312500e+01
-4.232001304626464844e+00
-6.470725536346435547e+00
-7.465470790863037109e+00
-8.270910263061523438e+00
-3.379000186920166016e+00
1.692906761169433594e+01
3.122287750244140625e+00
-1.680663347244262695e+00
8.449421525001525879e-01
2.698831558227539062e+00
-1.816273450851440430e+00
1.011166095733642578e+01
-4.777379035949707031e+00
2.322103738784790039e+00
-3.206835508346557617e+00
-4.676237106323242188e+00
-7.383130073547363281e+00
2.823347806930541992e+00
7.238616943359375000e+00
5.375998020172119141e+00
1.141261482238769531e+01
8.080056190490722656e+00
-1.103928852081298828e+01
-3.110664844512939453e+00
-1.321077823638916016e+01
-1.382176017761230469e+01
-1.530068683624267578e+01
-9.326375961303710938e+00
-2.331163406372070312e+00
-1.228909492492675781e+01
2.365914821624755859e+00
-1.296950721740722656e+01
8.776565551757812500e+00
-1.575229644775390625e+01
1.318308162689208984e+01
-1.138429546356201172e+01
6.230824947357177734e+00
-4.794880867004394531e+00
1.383728027343750000e+01
3.772674560546875000e+00
-5.695907592773437500e+00
1.512020969390869141e+01
9.714145660400390625e+00
1.521573829650878906e+01
-9.077253341674804688e+00
-4.653808176517486572e-01
6.956380367279052734e+00
-3.865154981613159180e+00
1.929238915443420410e+00
-1.707962989807128906e+00
4.212111949920654297e+00
-7.172291278839111328e+00
-6.854279518127441406e+00
1.026102352142333984e+01
-7.198563814163208008e-01
-2.302880668640136719e+01
1.096416187286376953e+01
-8.315341949462890625e+00
-2.569946289062500000e+00
-5.052502632141113281e+00
3.394967079162597656e+00
1.036888217926025391e+01
-8.766098022460937500e+00
1.475710391998291016e+01
1.717201042175292969e+01
-1.035098743438720703e+01
1.487131500244140625e+01
8.306119918823242188e+00
1.243101406097412109e+01
1.151031494140625000e+01
2.138183593750000000e+01
-4.945552349090576172e+00
2.085701179504394531e+01
-3.323331356048583984e+00
1.663738632202148438e+01
4.296635985374450684e-01
1.592866230010986328e+01
-9.248646736145019531e+00
1.043977642059326172e+01
-5.142833232879638672e+00
-6.462765693664550781e+00
-1.219641804695129395e+00
2.700734853744506836e+00
5.781826972961425781e+00
-2.843878030776977539e+00
-7.153900146484375000e+00
1.400518798828125000e+01
5.583204269409179688e+00
4.538947105407714844e+00
-1.424284338951110840e+00
-5.341391563415527344e-01
1.152527713775634766e+01
-2.314607381820678711e+00
1.722797966003417969e+01
2.223749732971191406e+01
1.521156597137451172e+01
9.869489669799804688e+00
1.954531097412109375e+01
1.005909824371337891e+01
4.402374267578125000e+00
7.031442642211914062e+00
1.033112239837646484e+01
4.955385684967041016e+00
1.014352607727050781e+01
-4.150445461273193359e+00
9.872611999511718750e+00
-9.111627578735351562e+00
5.485321521759033203e+00
3.227575540542602539e+00
-9.507325172424316406e+00
1.409020614624023438e+01
-4.002249717712402344e+00
4.553623676300048828e+00
1.209874153137207031e+01
1.109775352478027344e+01
9.680326581001281738e-01
1.300415802001953125e+01
-2.453440427780151367e+00
1.266342926025390625e+01
5.380418300628662109e+00
2.100862884521484375e+01
2.387364387512207031e+01
8.359976768493652344e+00
1.494457244873046875e+01
2.131344795227050781e+01
1.197586345672607422e+01
-8.271424174308776855e-01
-3.555360078811645508e+00
2.756135940551757812e+00
-2.561157464981079102e+00
-8.805619239807128906e+00
-3.012106657028198242e+00
-2.651093482971191406e+00
1.139187622070312500e+01
-1.806934547424316406e+01
1.582971572875976562e+01
-1.846381568908691406e+01
1.096368408203125000e+01
-1.206483173370361328e+01
-5.749328136444091797e+00
-1.364393520355224609e+01
4.489315032958984375e+00
-1.609458541870117188e+01
1.333108425140380859e+01
-3.532920360565185547e+00
1.904746294021606445e-01
1.333374691009521484e+01
-6.326526641845703125e+00
1.517859363555908203e+01
-7.613449573516845703e+00
-1.372446060180664062e+01
1.398116397857666016e+01
-8.260790109634399414e-01
-2.288982629776000977e+00
5.472719669342041016e+00
-1.532216262817382812e+01
-5.513625144958496094e+00
-1.483917617797851562e+01
-1.687454032897949219e+01
-1.300228977203369141e+01
-8.919685363769531250e+00
-4.496271133422851562e+00
-8.681529045104980469e+00
-1.418131828308105469e+01
-4.874024391174316406e+00
1.163593482971191406e+01
2.053269386291503906e+01
1.446476173400878906e+01
1.436350631713867188e+01
1.271969413757324219e+01
4.175205230712890625e+00
6.715255260467529297e+00
6.767554283142089844e-01
-1.108582973480224609e+00
1.740173149108886719e+01
-2.944185733795166016e+00
6.784137725830078125e+00
-1.519282341003417969e+01
-1.004525756835937500e+01
-1.183179473876953125e+01
-1.048661041259765625e+01
-1.110925292968750000e+01
-1.244385051727294922e+01
-8.702036857604980469e+00
-3.308214664459228516e+00
-1.267406177520751953e+01
-3.775945425033569336e+00
-9.261269569396972656e+00
1.606311988830566406e+01
1.322893428802490234e+01
-8.093425750732421875e+00
2.407888031005859375e+01
7.183212757110595703e+00
6.574756622314453125e+00
1.010026550292968750e+01
-1.174633383750915527e+00
2.031808090209960938e+01
-3.020712852478027344e+00
3.173081398010253906e+00
-1.136433982849121094e+01
-2.752856826782226562e+01
1.323975753784179688e+01
-5.100937843322753906e+00
1.061931133270263672e+01
-6.814284324645996094e+00
-1.478087520599365234e+01
-1.183521842956542969e+01
-2.804669189453125000e+01
-3.075364589691162109e+00
-1.428691482543945312e+01
-4.926595211029052734e+00
-8.811453819274902344e+00
-2.932859182357788086e+00
2.238218498229980469e+01
-6.093005657196044922e+00
7.134550094604492188e+00
1.520754051208496094e+01
1.690009689331054688e+01
1.723036193847656250e+01
2.794012451171875000e+01
-1.195450779050588608e-02
6.771837711334228516e+00
1.356449604034423828e+01
1.282238101959228516e+01
1.355600833892822266e+01
1.418173885345458984e+01
1.362708473205566406e+01
1.414873123168945312e+01
-1.653209114074707031e+01
3.794729948043823242e+00
-8.233133316040039062e+00
-8.781077384948730469e+00
-6.224602460861206055e-01
-1.444031524658203125e+01
5.474037170410156250e+00
1.757971525192260742e+00
-4.197944164276123047e+00
-1.021186637878417969e+01
2.019213294982910156e+01
1.690946960449218750e+01
-1.772770844399929047e-02
6.765479087829589844e+00
1.281525421142578125e+01
3.801147460937500000e+00
5.482451915740966797e+00
1.638405919075012207e+00
1.716526794433593750e+01
-1.768656349182128906e+01
-1.055335617065429688e+01
1.782555961608886719e+01
2.569245338439941406e+00
-1.747975158691406250e+01
4.583348751068115234e+00
-7.883364200592041016e+00
1.654455184936523438e+01
1.726853942871093750e+01
4.377769947052001953e+00
1.799176406860351562e+01
