5.470272898674011230e-01
-5.010011196136474609e+00
-1.864350318908691406e+00
1.197209072113037109e+01
-1.233307003974914551e+00
-8.268325924873352051e-01
-4.966470241546630859e+00
-1.936883330345153809e+00
-5.767374992370605469e+00
-3.777488946914672852e+00
-5.747342109680175781e+00
-1.294017434120178223e+00
-2.797315835952758789e+00
1.225717782974243164e+00
-5.019655704498291016e+00
-7.074497222900390625e+00
-9.971464157104492188e+00
3.269917726516723633e+00
1.666970825195312500e+01
4.136647701263427734e+00
6.224235534667968750e+00
5.760439395904541016e+00
6.869609832763671875e+00
2.070271968841552734e+00
-2.561336994171142578e+00
4.103812217712402344e+00
7.144052982330322266e+00
-1.619351029396057129e+00
-3.224572241306304932e-01
-2.179176807403564453e+00
-1.029860496520996094e+01
-4.916527271270751953e+00
7.311443328857421875e+00
6.594189643859863281e+00
1.227642822265625000e+01
3.193128824234008789e+00
5.391399860382080078e+00
3.592810392379760742e+00
5.131285190582275391e+00
-7.424837112426757812e+00
-8.897397041320800781e+00
-1.097402667999267578e+01
-1.461431503295898438e+01
2.278431129455566406e+01
2.447563743591308594e+01
-1.079530620574951172e+01
9.609441757202148438e+00
5.678165435791015625e+00
7.840921401977539062e+00
9.562602043151855469e+00
4.300215721130371094e+00
-1.626387476921081543e+00
2.550144672393798828e+00
1.849462836980819702e-01
8.603070259094238281e+00
4.971165657043457031e+00
4.049843788146972656e+00
3.189883232116699219e+00
1.314401721954345703e+01
2.137015342712402344e+01
1.824050140380859375e+01
1.710870933532714844e+01
1.355843448638916016e+01
1.033054828643798828e+01
1.327452945709228516e+01
1.364877796173095703e+01
5.972052574157714844e+00
2.802178621292114258e+00
1.104710388183593750e+01
1.230728054046630859e+01
1.792954063415527344e+01
1.624173736572265625e+01
1.050109481811523438e+01
1.080362892150878906e+01
1.371862602233886719e+01
7.783421516418457031e+00
4.619816780090332031e+00
6.235267162322998047e+00
-1.042780113220214844e+01
1.582083344459533691e+00
-1.324265956878662109e+01
-9.138701438903808594e+00
-3.850205421447753906e+00
-1.123092937469482422e+01
2.149813324213027954e-01
-3.137089014053344727e+00
2.892833471298217773e+00
9.302745461463928223e-01
-2.371607542037963867e+00
-4.580845355987548828e+00
4.841635227203369141e+00
-7.764120101928710938e+00
-2.578979432582855225e-01
2.092305898666381836e+00
2.542298555374145508e+00
3.846767187118530273e+00
2.563954114913940430e+00
1.224309062957763672e+01
1.821049880981445312e+01
8.734125137329101562e+00
1.320872116088867188e+01
7.627210140228271484e+00
-6.305882453918457031e+00
6.612231254577636719e+00
9.809725761413574219e+00
1.257468700408935547e+00
2.735189914703369141e+00
-2.781207799911499023e+00
1.601830482482910156e+01
1.613077735900878906e+01
1.869175529479980469e+01
1.349566173553466797e+01
1.192008304595947266e+01
7.030647754669189453e+00
7.153550148010253906e+00
2.022907972335815430e+00
-4.020530879497528076e-01
3.689965724945068359e+00
-5.038553237915039062e+00
1.462229609489440918e+00
4.399267673492431641e+00
5.914134979248046875e+00
-6.611253261566162109e+00
-4.581829071044921875e+00
-6.108492374420166016e+00
-2.114798784255981445e+00
-5.268144607543945312e+00
-4.716336727142333984e+00
-4.123553752899169922e+00
2.906297206878662109e+00
-8.797137260437011719e+00
-1.297119998931884766e+01
-1.129286098480224609e+01
-1.106382369995117188e+01
-1.116351032257080078e+01
-8.011040687561035156e+00
1.170880317687988281e+01
2.073645782470703125e+01
2.815267562866210938e+01
1.576826190948486328e+01
9.944604873657226562e+00
1.207441043853759766e+01
1.911427116394042969e+01
1.468523406982421875e+01
2.685889244079589844e+01
1.902747917175292969e+01
1.276231479644775391e+01
6.306500911712646484e+00
7.692172050476074219e+00
1.161953735351562500e+01
5.586076259613037109e+00
-3.068508625030517578e+00
-8.590454101562500000e+00
1.281831502914428711e+00
-5.986578464508056641e+00
1.194577097892761230e+00
2.172645092010498047e+00
-1.673712158203125000e+01
-5.370208740234375000e+00
-1.976132011413574219e+01
-1.264656829833984375e+01
-1.584106445312500000e+01
-1.219958496093750000e+01
-1.217074584960937500e+01
-3.377715826034545898e+00
1.848769545555114746e+00
-5.460611343383789062e+00
2.315467834472656250e+00
-4.110287189483642578e+00
-5.198603153228759766e+00
-2.144981765747070312e+01
-1.637617683410644531e+01
-6.657597541809082031e+00
-5.915909290313720703e+00
-7.038422584533691406e+00
-1.411950016021728516e+01
-2.169237709045410156e+01
-1.455274009704589844e+01
1.112565040588378906e+00
-6.218623638153076172e+00
-7.102854251861572266e+00
-1.483404350280761719e+01
-3.226803588867187500e+01
-1.315941715240478516e+01
-2.019977760314941406e+01
-1.182127571105957031e+01
-1.000795078277587891e+01
-1.703909873962402344e+01
-1.636183929443359375e+01
-2.180433511734008789e+00
-7.382183551788330078e+00
-4.186069011688232422e+00
-4.378659725189208984e+00
-3.969615697860717773e+00
2.575163841247558594e+01
2.568820381164550781e+01
3.385383987426757812e+01
2.787744140625000000e+01
4.432968139648437500e+01
3.235487365722656250e+01
2.909518623352050781e+01
3.322084808349609375e+01
2.631653785705566406e+01
2.742388343811035156e+01
2.605171966552734375e+01
2.631543159484863281e+01
2.366780853271484375e+01
1.117566871643066406e+01
2.667504882812500000e+01
2.114116287231445312e+01
2.834623336791992188e+01
2.099028015136718750e+01
1.027041435241699219e+01
2.690972805023193359e+00
-9.662587165832519531e+00
-1.823705673217773438e+01
-1.380271339416503906e+01
1.415394592285156250e+01
5.557702541351318359e+00
1.983396530151367188e+01
-6.112321853637695312e+00
-1.009531116485595703e+01
-4.944593429565429688e+00
-4.898609638214111328e+00
-7.997608780860900879e-01
-3.115970373153686523e+00
-5.847563266754150391e+00
-2.176118087768554688e+01
-1.308883476257324219e+01
-1.105064773559570312e+01
9.993114471435546875e+00
3.952121019363403320e+00
-1.266126990318298340e+00
-2.340310811996459961e+00
6.264385581016540527e-01
-5.181610584259033203e+00
-5.229263782501220703e+00
-3.458203077316284180e+00
-7.766743183135986328e+00
1.514592266082763672e+01
1.033048915863037109e+01
-1.606850624084472656e+00
-3.993590116500854492e+00
2.775633335113525391e+00
1.480353355407714844e+00
-1.211411571502685547e+01
-6.473966121673583984e+00
-4.340245723724365234e+00
1.971572875976562500e+01
2.665501403808593750e+01
8.851270675659179688e+00
7.906932353973388672e+00
-1.075212955474853516e+00
-3.577838182449340820e+00
-3.434992790222167969e+00
-1.024127769470214844e+01
-6.889799118041992188e+00
6.779071807861328125e+00
-4.875831604003906250e+00
-6.733228683471679688e+00
8.258108496665954590e-01
-2.198835134506225586e+00
-3.604444742202758789e+00
5.682592988014221191e-01
5.534139156341552734e+00
1.316137218475341797e+01
9.222302436828613281e+00
5.388257503509521484e-01
-3.502727746963500977e+00
-1.424302196502685547e+01
-8.916700363159179688e+00
-1.607369232177734375e+01
-1.079393959045410156e+01
-1.012545490264892578e+01
