-8.664409637451171875e+00
-1.216367435455322266e+01
6.679117083549499512e-01
-6.203414916992187500e+00
-1.560665225982666016e+01
-2.023940849304199219e+01
-3.221227884292602539e+00
5.585496425628662109e-01
6.719384193420410156e-01
-2.963024377822875977e+00
8.535984992980957031e+00
9.953304290771484375e+00
-3.960730791091918945e+00
6.922895908355712891e-01
1.666361236572265625e+01
-4.356515884399414062e+00
1.395532703399658203e+01
-5.427717208862304688e+00
1.137175559997558594e+01
-1.166042327880859375e+01
9.274358749389648438e+00
2.435367584228515625e+00
3.187293529510498047e+00
-2.089745521545410156e+01
-1.964781761169433594e+01
-1.996198272705078125e+01
-8.905106544494628906e+00
-4.044801712036132812e+00
-7.414941787719726562e-01
-5.766327381134033203e+00
-5.283861637115478516e+00
-5.345895290374755859e+00
-9.871516227722167969e+00
-4.574875831604003906e+00
-3.458974361419677734e+00
1.627589225769042969e+01
9.616686820983886719e+00
-1.388237094879150391e+01
-6.580011367797851562e+00
9.144962430000305176e-01
-6.015666127204895020e-01
-2.280828475952148438e+01
3.724264383316040039e+00
-1.669823837280273438e+01
-2.036226081848144531e+01
-1.587415409088134766e+01
-6.694866180419921875e+00
-6.864163398742675781e+00
-6.730359077453613281e+00
-8.085683822631835938e+00
1.059177112579345703e+01
-2.734922885894775391e+00
-1.143817329406738281e+01
8.331033706665039062e+00
1.484890937805175781e+01
-3.723163366317749023e+00
-1.431817340850830078e+01
-5.213727474212646484e+00
1.376376819610595703e+01
-1.207973098754882812e+01
-2.139194250106811523e+00
2.101908445358276367e+00
-2.225007438659667969e+01
1.461078763008117676e+00
-1.560510635375976562e+01
-6.776196002960205078e+00
-1.075611877441406250e+01
4.075341701507568359e+00
-3.654727697372436523e+00
-3.756400585174560547e+00
1.209034442901611328e+01
-5.415266036987304688e+00
1.139034938812255859e+01
-1.157273650169372559e+00
-1.381327629089355469e+00
5.486763000488281250e+00
-9.765423774719238281e+00
1.030426025390625000e+01
-4.281396269798278809e-01
8.624672889709472656e+00
-1.396479415893554688e+01
-1.124465084075927734e+01
-2.309932708740234375e+01
-6.105748176574707031e+00
-4.271926403045654297e+00
-4.387132644653320312e+00
-9.945089340209960938e+00
-3.835637092590332031e+00
-3.574929237365722656e+00
-9.670783877372741699e-01
-3.014436721801757812e+00
-1.964343547821044922e+00
-3.282624721527099609e+00
1.350562691688537598e+00
7.193404197692871094e+00
-2.292499780654907227e+00
5.365683555603027344e+00
1.140932750701904297e+01
-4.714117527008056641e+00
9.252103805541992188e+00
-7.166653275489807129e-01
-9.723982214927673340e-02
7.366287708282470703e+00
-2.417429685592651367e+00
-1.577364540100097656e+01
1.442151165008544922e+01
-1.200065708160400391e+01
8.561388015747070312e+00
-5.302987694740295410e-01
-1.514713668823242188e+01
-6.397729396820068359e+00
-1.089930438995361328e+01
-1.534408664703369141e+01
-5.585808306932449341e-02
-3.584391117095947266e+00
9.024595618247985840e-01
-4.896337091922760010e-01
6.940149068832397461e-01
3.988047122955322266e+00
2.186580747365951538e-01
-1.873339056968688965e+00
-1.257155990600585938e+01
1.036753654479980469e+01
9.723149299621582031e+00
-1.976912689208984375e+01
1.334869766235351562e+01
6.626396179199218750e+00
-3.568515539169311523e+00
-1.737711524963378906e+01
3.822390317916870117e+00
-1.761283683776855469e+01
-2.683216285705566406e+01
-5.115941762924194336e-01
-1.014157009124755859e+01
-5.802487373352050781e+00
-1.151657485961914062e+01
3.835031986236572266e+00
8.184432029724121094e+00
3.683328628540039062e+00
7.803262233734130859e+00
-1.195702934265136719e+01
5.442840099334716797e+00
-1.345678234100341797e+01
1.013838481903076172e+01
-1.065354061126708984e+01
1.225832748413085938e+01
1.104568672180175781e+01
9.270067214965820312e+00
-2.866868209838867188e+01
-8.286926269531250000e+00
2.003553152084350586e+00
-1.167637538909912109e+01
8.298683762550354004e-01
-1.931987953186035156e+01
5.389535427093505859e+00
-1.837433052062988281e+01
3.288889646530151367e+00
-3.702261686325073242e+00
-4.262477874755859375e+00
2.717029571533203125e+00
4.599018573760986328e+00
-5.644536018371582031e+00
8.433678627014160156e+00
1.093735599517822266e+01
-3.481372117996215820e+00
4.877950191497802734e+00
-1.421350002288818359e+00
6.758661270141601562e-01
-4.859359264373779297e+00
7.485902786254882812e+00
1.444600296020507812e+01
-8.328680038452148438e+00
-2.972472906112670898e+00
1.078567123413085938e+01
1.522192668914794922e+01
1.110046577453613281e+01
-1.436089611053466797e+01
7.075118064880371094e+00
-5.733702659606933594e+00
-2.326285839080810547e-01
-6.914814472198486328e+00
-9.862315177917480469e+00
3.178046643733978271e-01
-1.350110340118408203e+01
-9.242691993713378906e-01
-2.017121315002441406e+00
-5.388843536376953125e+00
6.151385903358459473e-01
-1.090810489654541016e+01
6.543880939483642578e+00
1.013163852691650391e+01
-1.106919646263122559e+00
7.982803821563720703e+00
1.158961391448974609e+01
1.146330165863037109e+01
-1.378855419158935547e+01
-3.162788867950439453e+00
3.932716846466064453e+00
-1.301925086975097656e+01
8.208627700805664062e+00
5.450899124145507812e+00
-1.053852272033691406e+01
-1.401864051818847656e+01
-1.931841731071472168e+00
-1.416925907135009766e+01
1.569531798362731934e+00
-2.372649669647216797e+00
-6.566740274429321289e-01
-1.812561392784118652e+00
1.396057486534118652e+00
8.140492439270019531e+00
-3.532974720001220703e+00
-1.290577292442321777e+00
-2.780282735824584961e+00
-9.434836387634277344e+00
-6.437707424163818359e+00
-8.458737373352050781e+00
-2.978726625442504883e+00
5.187169551849365234e+00
3.966456353664398193e-01
-1.623956108093261719e+01
-1.412255287170410156e+01
-4.044452667236328125e+00
6.109309196472167969e+00
6.221050262451171875e+00
8.746425628662109375e+00
7.729581356048583984e+00
1.714789867401123047e+00
-7.130302906036376953e+00
-1.466215133666992188e+01
-9.387339591979980469e+00
-3.461842060089111328e+00
-6.319435238838195801e-01
6.136354446411132812e+00
3.983627319335937500e+00
-1.861925697326660156e+01
-1.387727832794189453e+01
-1.284024906158447266e+01
-1.097793292999267578e+01
-5.904965400695800781e+00
2.732226133346557617e+00
5.828069686889648438e+00
-2.949792742729187012e-01
3.851794242858886719e+00
-1.041924476623535156e+01
1.166648483276367188e+01
-1.055042076110839844e+01
1.243317317962646484e+01
-9.114990234375000000e+00
4.716151237487792969e+00
-2.506928205490112305e+00
8.790240287780761719e+00
4.317299842834472656e+00
-1.240223312377929688e+01
7.526282310485839844e+00
-8.007618188858032227e-01
8.920372962951660156e+00
-1.420748519897460938e+01
-1.616882324218750000e+01
-3.000676929950714111e-01
-1.618714904785156250e+01
6.654838919639587402e-01
-7.764826297760009766e+00
-5.326348304748535156e+00
-1.137209510803222656e+01
-7.516314029693603516e+00
3.433950901031494141e+00
1.182541847229003906e+00
-8.530334472656250000e+00
9.564843177795410156e+00
-2.721062898635864258e+00
4.248098850250244141e+00
1.927758157253265381e-01
4.263248920440673828e+00
5.825766563415527344e+00
-2.136419296264648438e+00
6.659126758575439453e+00
1.169021034240722656e+01
-1.209445762634277344e+01
1.150181198120117188e+01
-3.663440942764282227e+00
-4.467798233032226562e+00
1.643176913261413574e+00
-4.679842948913574219e+00
-1.272625827789306641e+01
7.427240848541259766e+00
-1.079568195343017578e+01
1.461027026176452637e+00
-6.563550472259521484e+00
4.336961269378662109e+00
-1.360161209106445312e+01
4.717606067657470703e+00
-1.354102706909179688e+01
-1.735813903808593750e+01
1.522943019866943359e+00
-5.733789443969726562e+00
3.229409456253051758e+00
-5.966513633728027344e+00
-9.433907508850097656e+00
1.332414627075195312e+01
8.348401069641113281e+00
6.478386878967285156e+00
6.084773540496826172e+00
8.581061363220214844e+00
8.095115661621093750e+00
-1.131409740447998047e+01
1.373062515258789062e+01
6.041839599609375000e+00
5.652235507965087891e+00
-1.756049919128417969e+01
1.186455345153808594e+01
7.804650068283081055e-01
-1.331735610961914062e+01
-2.631059646606445312e+00
2.323105812072753906e+00
-6.665953159332275391e+00
2.652924776077270508e+00
-4.818134784698486328e+00
3.186309814453125000e+00
-7.080657958984375000e+00
4.970706462860107422e+00
6.135427474975585938e+00
-1.075413227081298828e+01
7.651551246643066406e+00
-6.986135959625244141e+00
2.745440483093261719e+00
5.295773506164550781e+00
6.935308456420898438e+00
-4.927803039550781250e+00
9.010976791381835938e+00
-1.369025707244873047e+01
1.366545104980468750e+01
2.845577955245971680e+00
4.178453922271728516e+00
-3.267173767089843750e+00
-1.585630607604980469e+01
2.821691751480102539e+00
7.186539173126220703e+00
1.281301021575927734e+00
-1.376521968841552734e+01
-1.693956184387207031e+01
1.676655262708663940e-01
-4.663370609283447266e+00
-5.471614360809326172e+00
-1.413552761077880859e+00
3.961607515811920166e-01
1.150815486907958984e+01
-6.610963821411132812e+00
1.358507061004638672e+01
-9.873063087463378906e+00
1.068071937561035156e+01
3.080196142196655273e+00
-1.044663667678833008e+00
-1.093418121337890625e+01
5.364090442657470703e+00
-1.315841388702392578e+01
1.497342014312744141e+01
-1.201963043212890625e+01
-1.431709408760070801e+00
5.538048267364501953e+00
-1.191580963134765625e+01
6.808827877044677734e+00
-1.828735733032226562e+01
-1.576595783233642578e+01
4.001916885375976562e+00
-1.130888938903808594e+01
-8.259126663208007812e+00
-7.523513585329055786e-02
-1.241957473754882812e+01
3.912105321884155273e+00
-4.284256935119628906e+00
-2.731740713119506836e+00
-8.698079109191894531e+00
1.644686341285705566e+00
4.107959270477294922e+00
-5.833451747894287109e-01
-2.855643987655639648e+00
2.848527669906616211e+00
-9.729680061340332031e+00
1.037603473663330078e+01
1.360890674591064453e+01
5.217173576354980469e+00
-1.455656290054321289e-01
-1.112544250488281250e+01
-4.905153751373291016e+00
-1.563524055480957031e+01
-2.084015655517578125e+01
6.056602001190185547e+00
-1.229204463958740234e+01
3.121686458587646484e+00
-1.460901546478271484e+01
-2.696601748466491699e-01
-8.179219245910644531e+00
-6.975743293762207031e+00
5.024979114532470703e-01
-8.244931221008300781e+00
1.256721973419189453e+00
4.629166126251220703e+00
-7.511350631713867188e+00
2.196923732757568359e+00
-4.970348834991455078e+00
1.130541038513183594e+01
1.314508819580078125e+01
-5.637115478515625000e+00
1.525679826736450195e+00
2.308135271072387695e+00
1.339111924171447754e-01
1.337453079223632812e+01
-1.384711837768554688e+01
1.450613880157470703e+01
-1.469429588317871094e+01
-3.735314607620239258e+00
-1.417647266387939453e+01
-2.284999465942382812e+01
3.432991504669189453e+00
-1.092388248443603516e+01
-6.718692183494567871e-01
3.473841667175292969e+00
-1.454524707794189453e+01
1.268500208854675293e+00
-9.368688583374023438e+00
5.661161899566650391e+00
-6.202742576599121094e+00
3.868658304214477539e+00
2.526754379272460938e+00
3.255647182464599609e+00
1.250681495666503906e+01
-5.306401252746582031e+00
1.140612602233886719e+01
7.905850410461425781e+00
7.926559925079345703e+00
1.215692901611328125e+01
1.513007259368896484e+01
-1.961735534667968750e+01
-1.280058765411376953e+01
6.901595592498779297e+00
-6.907612800598144531e+00
-3.647307455539703369e-01
-1.608234024047851562e+01
2.113834142684936523e+00
1.231711626052856445e+00
-9.995162963867187500e+00
-3.157547950744628906e+00
-8.643283843994140625e-01
3.743877410888671875e+00
8.099370002746582031e+00
-4.903792381286621094e+00
2.671324014663696289e+00
4.838674545288085938e+00
-5.534077644348144531e+00
-5.624008655548095703e+00
-1.879718661308288574e+00
7.944718360900878906e+00
-1.963367462158203125e+01
-1.281790161132812500e+01
-6.921202182769775391e+00
-3.150049686431884766e+00
2.675991296768188477e+00
-3.833204030990600586e+00
1.085733604431152344e+01
-1.950981521606445312e+01
-1.840925407409667969e+01
9.886521339416503906e+00
-6.537390232086181641e+00
-3.725324153900146484e+00
3.031890988349914551e-01
1.683633446693420410e+00
7.224757194519042969e+00
2.331026077270507812e+00
-1.956851768493652344e+01
7.352523803710937500e+00
