-8.633555412292480469e+00
5.935569405555725098e-01
-8.353468894958496094e+00
-9.069413185119628906e+00
-1.422076988220214844e+01
-5.143576145172119141e+00
5.388995409011840820e-01
-4.466365337371826172e+00
1.689874529838562012e-01
6.647043704986572266e+00
1.222027301788330078e+01
-4.230001449584960938e+00
1.214484930038452148e+00
-7.693595409393310547e+00
6.834197521209716797e+00
8.313951492309570312e+00
-1.398980426788330078e+01
-1.316534996032714844e+01
-1.124770832061767578e+01
-3.357256352901458740e-01
-5.537187576293945312e+00
-3.452537298202514648e+00
-9.288563728332519531e+00
-1.970227360725402832e+00
-1.257413864135742188e+01
4.330133795738220215e-01
-1.633054161071777344e+01
6.422368049621582031e+00
-1.281514072418212891e+01
-1.595598697662353516e+01
-6.151369571685791016e+00
-2.877371311187744141e+00
-8.043925285339355469e+00
-5.385346412658691406e+00
-1.288192749023437500e+01
1.240961360931396484e+01
-3.570367574691772461e+00
-1.156777954101562500e+01
7.252700328826904297e+00
8.085603713989257812e+00
-2.177736043930053711e+00
-1.297227287292480469e+01
-8.150923728942871094e+00
1.322921085357666016e+01
-5.275051116943359375e+00
2.564057350158691406e+00
5.042103290557861328e+00
1.604649186134338379e+00
-1.572073650360107422e+01
-7.067030906677246094e+00
-5.038913249969482422e+00
-3.253645420074462891e+00
1.625076675415039062e+01
-1.063408946990966797e+01
1.471866512298583984e+01
-3.669565200805664062e+00
2.693588495254516602e+00
-1.505942249298095703e+01
-1.322787761688232422e+01
-2.381145715713500977e+00
-1.467580509185791016e+01
-2.473779439926147461e+00
2.981165170669555664e+00
1.028913259506225586e+00
-3.156640768051147461e+00
-2.969762086868286133e+00
-1.088958978652954102e+00
2.203433275222778320e+00
-2.344532966613769531e+00
8.478614091873168945e-01
-6.772916316986083984e+00
9.282189369201660156e+00
-2.081955432891845703e+00
5.981026649475097656e+00
8.951469421386718750e+00
-3.023712396621704102e+00
1.014244747161865234e+01
-3.673623085021972656e+00
-1.964177638292312622e-01
6.976886749267578125e+00
5.503069758415222168e-01
1.289684200286865234e+01
-9.611515998840332031e+00
-9.462882995605468750e+00
7.648899555206298828e-01
-1.089338970184326172e+01
-1.579991698265075684e+00
-1.030273723602294922e+01
-1.847545051574707031e+01
-2.828366994857788086e+00
1.464417219161987305e+00
1.450147509574890137e+00
4.226432800292968750e+00
6.029870510101318359e-01
1.216395568847656250e+01
-1.456553363800048828e+01
1.223047065734863281e+01
1.601418852806091309e+00
-8.592668771743774414e-01
-7.535534381866455078e+00
4.635006427764892578e+00
2.025020867586135864e-01
-1.230244636535644531e+01
-4.230387210845947266e+00
-1.272333240509033203e+01
3.782822370529174805e+00
-4.080362796783447266e+00
1.023269844055175781e+01
1.826636433601379395e+00
1.077917575836181641e+01
-7.545873641967773438e+00
4.569724082946777344e+00
-1.434587860107421875e+01
9.551318168640136719e+00
-9.566530227661132812e+00
1.560198783874511719e+01
1.019337558746337891e+01
7.351601600646972656e+00
-2.374527168273925781e+01
1.650368118286132812e+01
-5.113784790039062500e+00
3.598953723907470703e+00
-8.468036651611328125e+00
4.502549648284912109e+00
7.406613826751708984e+00
-9.973920822143554688e+00
8.583530426025390625e+00
-4.007884979248046875e+00
-7.842757225036621094e+00
4.113831520080566406e+00
3.166708946228027344e+00
-8.810236930847167969e+00
1.018683528900146484e+01
1.189702510833740234e+01
-2.864435911178588867e+00
5.320412635803222656e+00
-1.031558632850646973e+00
-5.901028156280517578e+00
9.540918350219726562e+00
1.050609874725341797e+01
-6.936478137969970703e+00
-3.878352165222167969e+00
5.268165111541748047e+00
-1.702004194259643555e+00
-2.275891900062561035e-01
-2.713103771209716797e+00
-2.261773109436035156e+00
5.795306682586669922e+00
-7.328762054443359375e+00
1.716282963752746582e+00
-2.740663051605224609e+00
-1.350655317306518555e+00
-7.525458335876464844e+00
1.033345985412597656e+01
7.719274997711181641e+00
-1.913273334503173828e+00
8.560463905334472656e+00
-1.980291175842285156e+01
1.341285514831542969e+01
8.619016647338867188e+00
-1.670096588134765625e+01
-3.564255475997924805e+00
2.414276123046875000e+00
-1.065948486328125000e+01
6.812716007232666016e+00
-7.972656726837158203e+00
-1.780976295471191406e+00
-6.852682113647460938e+00
5.689161300659179688e+00
-3.823009490966796875e+00
-3.639899253845214844e+00
1.942987561225891113e+00
4.211975574493408203e+00
-3.113141775131225586e+00
-3.573466062545776367e+00
-6.544892787933349609e+00
-6.724011421203613281e+00
-3.870997190475463867e+00
3.647048950195312500e+00
-1.097597837448120117e+00
-9.886465072631835938e+00
-1.149972343444824219e+01
1.107222747802734375e+01
6.705673217773437500e+00
1.020996665954589844e+01
1.679650306701660156e+01
6.003085613250732422e+00
5.924545973539352417e-02
-3.101027250289916992e+00
-6.560354232788085938e+00
-7.990084648132324219e+00
-8.157045364379882812e+00
-7.143770217895507812e+00
-1.391054391860961914e+00
5.358750820159912109e+00
5.060316562652587891e+00
-1.305783271789550781e+01
-7.272297859191894531e+00
-1.112103843688964844e+01
-1.027116584777832031e+01
-5.375998973846435547e+00
1.386765986680984497e-01
-5.883175373077392578e+00
4.398369312286376953e+00
3.441642999649047852e+00
3.493012189865112305e+00
-8.440964698791503906e+00
1.542232704162597656e+01
-1.133158969879150391e+01
1.460875511169433594e+01
-9.807159423828125000e+00
-7.847559928894042969e+00
1.637130856513977051e+00
-1.921678304672241211e+00
1.051267147064208984e+01
-9.621348381042480469e+00
4.198430061340332031e+00
6.625484943389892578e+00
-1.757257461547851562e+00
1.281261825561523438e+01
-8.644562721252441406e+00
-5.396598339080810547e+00
-1.181413754820823669e-01
-1.185962677001953125e+01
1.248381972312927246e+00
-4.583298206329345703e+00
-4.102594852447509766e+00
-1.245520305633544922e+01
-4.673774242401123047e+00
6.727093458175659180e-01
1.568094491958618164e-01
-6.999810218811035156e+00
1.138798141479492188e+01
-2.599882364273071289e+00
1.112088799476623535e+00
-2.119268894195556641e+00
1.814728975296020508e+00
8.059118270874023438e+00
-1.114110469818115234e+00
6.131805896759033203e+00
1.155626296997070312e+01
-1.110452556610107422e+01
1.018195247650146484e+01
-3.607785940170288086e+00
-4.924652576446533203e+00
5.386824011802673340e-01
-9.502837181091308594e+00
-1.124751663208007812e+01
-1.555539846420288086e+00
-1.431852102279663086e+00
-1.209362316131591797e+01
1.347365379333496094e+00
-4.584944248199462891e+00
5.112306594848632812e+00
3.297760009765625000e+00
-4.619810581207275391e+00
1.488337874412536621e+00
-5.670316219329833984e+00
-8.328039169311523438e+00
1.701375198364257812e+01
1.115909385681152344e+01
-9.456696510314941406e+00
7.415784835815429688e+00
3.795809268951416016e+00
1.085126304626464844e+01
8.797347068786621094e+00
-1.393676090240478516e+01
1.445969009399414062e+01
2.156720638275146484e+00
-1.615527915954589844e+01
8.852716445922851562e+00
-8.984332531690597534e-02
-1.020280075073242188e+01
-4.849261939525604248e-01
2.188389539718627930e+00
-1.254854083061218262e+00
-2.443398952484130859e+00
-5.609087467193603516e+00
4.580986022949218750e+00
-1.179104518890380859e+01
5.719113349914550781e+00
3.420539855957031250e+00
-7.681652069091796875e+00
9.023864746093750000e+00
-5.129412651062011719e+00
8.755308389663696289e-01
9.104073047637939453e-01
6.697208404541015625e+00
-1.730084776878356934e+00
3.538980484008789062e+00
-1.391982555389404297e+01
1.690020942687988281e+01
-1.165912508964538574e+00
-6.286693096160888672e+00
2.289131641387939453e+00
4.175233840942382812e+00
3.837245464324951172e+00
-6.104046344757080078e+00
2.048002958297729492e+00
-5.810387134552001953e+00
-1.039164781570434570e+00
-8.849429130554199219e+00
1.577129745483398438e+01
-7.004742145538330078e+00
6.349712848663330078e+00
-1.588581800460815430e+00
-8.062343597412109375e+00
3.837234020233154297e+00
-1.396065330505371094e+01
1.033410644531250000e+01
-4.261509418487548828e+00
-1.074381732940673828e+01
-1.412430405616760254e+00
2.111606836318969727e+00
-5.987273693084716797e+00
8.151618003845214844e+00
-6.346109390258789062e+00
-1.037029457092285156e+01
5.986375808715820312e+00
-4.971530914306640625e+00
-8.338938713073730469e+00
-1.059534430503845215e+00
-1.124805259704589844e+01
5.067689895629882812e+00
2.692262649536132812e+00
-1.036210155487060547e+01
4.273566722869873047e+00
-1.478709578514099121e+00
2.312082290649414062e+00
1.462637662887573242e+00
-1.660481929779052734e+00
3.010764598846435547e+00
-6.293915748596191406e+00
-6.602640151977539062e+00
1.066449451446533203e+01
5.081616878509521484e+00
6.092790603637695312e+00
-1.473734760284423828e+01
-3.115358114242553711e+00
-1.238663101196289062e+01
-1.142839622497558594e+01
4.045011043548583984e+00
-7.874740123748779297e+00
2.641275405883789062e+00
-3.689023494720458984e+00
-8.703062057495117188e+00
-3.559402823448181152e-01
-1.206205844879150391e+01
5.769399642944335938e+00
-7.394385337829589844e+00
5.012732505798339844e+00
-1.850971102714538574e+00
1.195282173156738281e+01
1.491330432891845703e+01
-5.866228103637695312e+00
6.090979576110839844e-01
-1.607156038284301758e+00
-9.768043518066406250e+00
4.034189701080322266e+00
-1.415183544158935547e+01
-1.180246353149414062e+00
-1.251022338867187500e+01
-1.920713806152343750e+01
5.628976345062255859e+00
-4.335818290710449219e+00
-3.147244751453399658e-01
-4.251192569732666016e+00
-1.678847074508666992e+00
-1.227466869354248047e+01
5.381561756134033203e+00
-7.262536525726318359e+00
6.173950672149658203e+00
1.957864761352539062e+00
2.209864139556884766e+00
1.173675155639648438e+01
-5.304998397827148438e+00
7.056529521942138672e+00
-1.911003947257995605e+00
4.106203556060791016e+00
2.419427156448364258e+00
-1.761839103698730469e+01
-5.904665470123291016e+00
-7.838737487792968750e+00
3.248768568038940430e+00
3.760846138000488281e+00
-7.659209728240966797e+00
-2.978292226791381836e+00
3.987927675247192383e+00
-1.828563213348388672e+00
9.373887181282043457e-01
2.429310798645019531e+00
-1.763112831115722656e+01
-5.913755416870117188e+00
1.164982676506042480e+00
3.258946895599365234e+00
9.518205523490905762e-01
-3.828920125961303711e+00
-7.241572380065917969e+00
1.296207332611083984e+01
-1.489510154724121094e+01
-1.709045791625976562e+01
5.384471416473388672e-01
-4.261640071868896484e+00
4.900722503662109375e+00
-1.659891366958618164e+00
8.575610518455505371e-01
1.994554519653320312e+00
6.803332328796386719e+00
-2.057297134399414062e+01
1.042150878906250000e+01
