7.331640720367431641e+00
3.992293548583984375e+01
1.429758548736572266e+01
9.715284347534179688e+00
6.430823802947998047e-01
3.197839498519897461e+00
-3.929771423339843750e+00
-8.802457451820373535e-01
6.256450176239013672e+00
-4.299305438995361328e+00
7.581967830657958984e+00
-9.177544593811035156e+00
9.299817085266113281e+00
2.870228767395019531e+01
1.703358459472656250e+01
3.609644699096679688e+01
6.887355804443359375e+00
4.881916046142578125e+00
1.151329040527343750e+01
3.576123046875000000e+01
-2.484246730804443359e+00
-4.240712642669677734e+00
-1.965287971496582031e+01
1.039416885375976562e+01
-1.021507620811462402e+00
2.283464622497558594e+01
-1.494690132141113281e+01
3.469744920730590820e+00
-1.585139846801757812e+01
-2.933893680572509766e+00
-9.961266517639160156e-01
7.051245689392089844e+00
-5.509077548980712891e+00
-1.419477367401123047e+01
-4.741349220275878906e+00
3.102303981781005859e+00
-7.591457843780517578e+00
-1.133642005920410156e+01
-8.360827565193176270e-01
1.858200073242187500e+01
-4.461662769317626953e+00
-1.801907539367675781e+01
3.867891788482666016e+00
4.069958114624023438e+01
-9.199975132942199707e-01
1.312675857543945312e+01
1.557010173797607422e+01
3.827123165130615234e+00
-4.747606277465820312e+00
6.868320465087890625e+00
-1.393809413909912109e+01
-5.821185588836669922e+00
1.058153438568115234e+01
-7.035265445709228516e+00
9.916437149047851562e+00
-1.902448272705078125e+01
-2.785951137542724609e+00
-2.396308898925781250e+01
-1.667187500000000000e+01
-9.634612083435058594e+00
-1.127936077117919922e+01
3.430071830749511719e+00
5.334710121154785156e+00
9.310346603393554688e+00
3.115393400192260742e+00
3.263625144958496094e+00
-1.513480782508850098e+00
-2.821153640747070312e+00
-1.031041383743286133e+00
7.056456565856933594e+00
1.043040943145751953e+01
1.114684581756591797e+01
-6.856485843658447266e+00
7.284850597381591797e+00
-3.481275558471679688e+00
-7.039883136749267578e+00
7.740291118621826172e+00
9.605612754821777344e+00
-4.569401741027832031e+00
5.756122112274169922e+00
1.224143886566162109e+01
3.560212707519531250e+01
5.700599670410156250e+00
6.980823516845703125e+00
1.478028488159179688e+01
2.554813623428344727e+00
1.484053421020507812e+01
1.200640964508056641e+01
-1.666482925415039062e+00
-1.209674644470214844e+01
-5.165092468261718750e+00
-1.306318759918212891e+00
-1.349084568023681641e+01
-1.393439292907714844e+01
2.562435340881347656e+01
-4.011218547821044922e+00
2.867432594299316406e+01
1.659830665588378906e+01
1.310638332366943359e+01
6.103962898254394531e+00
1.336149215698242188e+01
9.097902297973632812e+00
-1.307435703277587891e+01
-4.825556755065917969e+00
-7.851396203041076660e-01
1.264152050018310547e+01
1.137581825256347656e+01
2.215419054031372070e+00
-5.197739601135253906e+00
2.765065670013427734e+00
-1.870627403259277344e+01
-6.329883098602294922e+00
-2.169370079040527344e+01
1.169303321838378906e+01
-1.845784759521484375e+01
4.364116668701171875e+00
-2.790414690971374512e-01
2.308586835861206055e+00
-3.390510177612304688e+01
1.403867244720458984e+01
-6.002880573272705078e+00
-3.481343030929565430e+00
-1.272736835479736328e+01
-1.572872877120971680e+00
-2.511160135269165039e+00
-2.254386520385742188e+01
-2.457169055938720703e+00
4.154940605163574219e+00
-9.707601547241210938e+00
-5.974291801452636719e+00
-4.962810516357421875e+00
-1.515426158905029297e+01
4.726950645446777344e+00
3.276614189147949219e+00
-1.814585113525390625e+01
-1.695618820190429688e+01
-1.121383666992187500e+01
-1.613344383239746094e+01
-3.646145105361938477e+00
1.210127067565917969e+01
-1.576750183105468750e+01
6.811620712280273438e+00
2.170733070373535156e+01
1.304163265228271484e+01
1.600745391845703125e+01
1.911733627319335938e+01
1.342474365234375000e+01
3.047580909729003906e+01
3.464680433273315430e+00
2.627049636840820312e+01
2.504911422729492188e+01
4.350126743316650391e+00
-3.600804328918457031e+00
1.450683212280273438e+01
6.389533519744873047e+00
-3.454769372940063477e+00
3.138746833801269531e+01
-1.536649990081787109e+01
1.001107597351074219e+01
2.047256469726562500e+01
-1.301573085784912109e+01
5.932793140411376953e+00
3.718667030334472656e+00
-1.713508605957031250e+01
1.556110095977783203e+01
-2.544150829315185547e+00
-1.247139930725097656e+00
-1.370512390136718750e+01
5.946343421936035156e+00
-9.747098088264465332e-01
-6.980438232421875000e-01
7.880443334579467773e-02
-1.410321903228759766e+01
-2.015164756774902344e+01
-2.056527709960937500e+01
-1.488281631469726562e+01
-2.308958053588867188e+01
-3.340449094772338867e+00
5.234383106231689453e+00
9.178386330604553223e-01
-1.678223419189453125e+01
-9.745213508605957031e+00
-2.045069885253906250e+01
-5.826737403869628906e+00
-5.437351703643798828e+00
-8.572725653648376465e-01
-1.329591560363769531e+01
-1.637989044189453125e+01
-4.695307254791259766e+00
-1.613921928405761719e+01
-2.598731994628906250e+01
-2.297562408447265625e+01
-1.864952802658081055e+00
-9.043445587158203125e+00
-4.725888252258300781e+00
-1.184521436691284180e+00
-1.922218322753906250e+01
-1.004136180877685547e+01
-2.692823219299316406e+01
-2.889022064208984375e+01
-1.591021633148193359e+01
-8.382852554321289062e+00
-1.317012119293212891e+01
-9.524136543273925781e+00
-1.765827560424804688e+01
-7.585173606872558594e+00
-2.116239166259765625e+01
-5.947366714477539062e+00
-2.257273674011230469e+01
-1.401507186889648438e+01
-3.059369850158691406e+01
-2.765928268432617188e+01
-1.624105072021484375e+01
-2.437909889221191406e+01
-1.297805690765380859e+01
-2.770887756347656250e+01
-1.845077323913574219e+01
-1.053765010833740234e+01
-8.095450401306152344e-01
6.092127799987792969e+00
-2.302275276184082031e+01
-1.052585029602050781e+01
-4.739371776580810547e+00
-1.728032493591308594e+01
-2.135419845581054688e+00
-4.778614044189453125e+00
-4.253353118896484375e+00
-1.200507164001464844e+01
-2.554883956909179688e+01
-6.647893905639648438e+00
-1.618963050842285156e+01
-3.706724929809570312e+01
-1.243311977386474609e+01
-2.116670608520507812e+01
-7.368654727935791016e+00
-1.445565223693847656e+01
-1.035719108581542969e+01
-7.124201297760009766e+00
-1.685515594482421875e+01
1.333777427673339844e+00
-5.068652153015136719e+00
-2.627361869812011719e+01
-9.616493582725524902e-01
-1.286438083648681641e+01
-1.055284023284912109e+01
-9.903326988220214844e+00
-2.028060531616210938e+01
-1.699345207214355469e+01
-1.040157699584960938e+01
-1.832744598388671875e+01
-1.768921661376953125e+01
1.161135315895080566e+00
-1.662977600097656250e+01
5.548344612121582031e+00
-7.270869731903076172e+00
-3.695709466934204102e+00
1.677241027355194092e-01
-1.698416137695312500e+01
-1.783174896240234375e+01
2.966782569885253906e+00
-4.223424434661865234e+00
-1.982364273071289062e+01
-5.360786437988281250e+00
-1.737724781036376953e+00
7.254347324371337891e+00
1.243488979339599609e+01
-1.930010986328125000e+01
7.543075084686279297e+00
1.800418281555175781e+01
1.028472614288330078e+01
3.803187942504882812e+01
3.879295730590820312e+01
2.523005867004394531e+01
3.211300659179687500e+01
2.967045402526855469e+01
1.952702903747558594e+01
3.085654830932617188e+01
1.745079040527343750e+01
3.749565124511718750e+01
1.969033432006835938e+01
3.186182212829589844e+01
2.515165519714355469e+01
1.456186771392822266e+01
3.436299133300781250e+01
1.875027084350585938e+01
3.510160827636718750e+01
2.397063446044921875e+01
4.603506469726562500e+01
3.525838851928710938e+01
3.501015853881835938e+01
2.320397758483886719e+01
4.234725952148437500e+01
2.845256233215332031e+01
6.951645851135253906e+00
1.873955726623535156e+01
2.780960273742675781e+01
1.745389747619628906e+01
1.740131568908691406e+01
4.705328941345214844e+00
-8.344151496887207031e+00
-1.193504905700683594e+01
-2.080608177185058594e+01
5.323313713073730469e+00
-1.164214324951171875e+01
1.050778102874755859e+01
-6.057149410247802734e+00
-2.305368661880493164e+00
1.706251907348632812e+01
-8.661455512046813965e-01
3.667599868774414062e+01
6.290246009826660156e+00
8.720303535461425781e+00
1.181204795837402344e+01
3.509750366210937500e-01
-1.358516788482666016e+01
3.253802537918090820e+00
-1.695702171325683594e+01
-1.526756954193115234e+01
-4.057390987873077393e-01
-1.047008514404296875e+01
-6.547130107879638672e+00
-4.036266326904296875e+00
-8.838292121887207031e+00
-1.811452627182006836e+00
-7.985126495361328125e+00
-1.271228408813476562e+01
-1.100845241546630859e+01
-1.094123268127441406e+01
-1.550400352478027344e+01
-1.687854385375976562e+01
-1.418685150146484375e+01
-1.082602024078369141e+01
-1.771111869812011719e+01
5.853469371795654297e+00
3.071800422668457031e+01
2.414960861206054688e+01
9.335391998291015625e+00
-6.073043823242187500e+00
6.975367069244384766e+00
-4.661504268646240234e+00
-3.678443431854248047e+00
2.174349594116210938e+01
1.093651652336120605e+00
4.198946654796600342e-01
-1.940543770790100098e+00
-2.697373390197753906e+00
-3.205340862274169922e+00
-1.002500534057617188e+01
1.846851468086242676e+00
-9.130253791809082031e+00
-5.322839260101318359e+00
-7.118138313293457031e+00
4.977738857269287109e+00
6.744635581970214844e+00
-7.192027568817138672e+00
-4.812012195587158203e+00
1.986180877685546875e+01
-4.201971054077148438e+00
8.966352462768554688e+00
-1.183061218261718750e+01
-4.005425453186035156e+00
-1.078127002716064453e+01
-1.902079582214355469e+01
-1.255501866340637207e+00
3.806069493293762207e-01
4.773484706878662109e+00
1.257728767395019531e+01
-9.444742202758789062e+00
-1.943527984619140625e+01
-5.959425449371337891e+00
-1.686228752136230469e+01
-8.409798622131347656e+00
-2.941102504730224609e+00
-6.333395957946777344e+00
8.899011611938476562e+00
-1.293496417999267578e+01
1.608878517150878906e+01
2.303691953420639038e-01
1.652042961120605469e+01
2.749936485290527344e+01
2.044857263565063477e+00
5.606700420379638672e+00
-4.631491899490356445e-01
1.318067359924316406e+01
1.332325839996337891e+01
-1.754552572965621948e-01
5.283237934112548828e+00
-9.241917610168457031e+00
-9.819642066955566406e+00
-4.479196548461914062e+00
2.751733589172363281e+01
2.026084184646606445e+00
5.592108249664306641e+00
1.433883476257324219e+01
1.319081306457519531e+01
-4.465342998504638672e+00
-1.842213630676269531e+01
-8.036392211914062500e+00
1.368091869354248047e+01
-1.830457115173339844e+01
-1.670162391662597656e+01
1.279238224029541016e+00
-5.147395610809326172e+00
2.086858749389648438e+01
-1.267691040039062500e+01
-3.602940320968627930e+00
-5.670788288116455078e+00
-4.761146068572998047e+00
-7.586316108703613281e+00
1.975470542907714844e+01
