3.674926757812500000e+00
-3.168526172637939453e+00
9.591227531433105469e+00
-4.635535240173339844e+00
-1.956045913696289062e+01
-3.791604232788085938e+01
-8.873737335205078125e+00
-7.357257366180419922e+00
-1.395337009429931641e+01
-1.536815643310546875e+01
-1.873482894897460938e+01
-1.120586872100830078e+01
-6.997786998748779297e+00
1.806624412536621094e+00
3.125633811950683594e+01
2.456196022033691406e+01
2.497265815734863281e+01
9.515122413635253906e+00
2.302528762817382812e+01
-3.402016162872314453e+00
1.224521732330322266e+01
-2.220643043518066406e+00
7.210630893707275391e+00
-1.579332256317138672e+01
-1.943662643432617188e+01
-2.079469871520996094e+01
-5.305715560913085938e+00
-7.152851581573486328e+00
-9.967629432678222656e+00
-1.945462989807128906e+01
-1.963547325134277344e+01
-1.913679313659667969e+01
-2.983810043334960938e+01
-1.126011657714843750e+01
-5.761371135711669922e+00
2.365458106994628906e+01
2.152928352355957031e+01
-9.909511566162109375e+00
1.594019651412963867e+00
1.288519001007080078e+01
2.537035465240478516e+00
-1.893603706359863281e+01
1.162237405776977539e+00
-2.290524864196777344e+01
-1.931295204162597656e+01
-1.219502544403076172e+01
-4.772094249725341797e+00
-2.387097740173339844e+01
-2.755153274536132812e+01
-1.358209896087646484e+01
-6.127134323120117188e+00
-1.644273185729980469e+01
-1.497086811065673828e+01
-4.304347991943359375e+00
1.451163291931152344e+01
-7.810254573822021484e+00
-1.582430934906005859e+01
-6.776436805725097656e+00
2.342477798461914062e+01
-1.421535110473632812e+01
9.002691268920898438e+00
1.399318408966064453e+01
-1.547774791717529297e+01
-9.065253734588623047e-01
-9.749085426330566406e+00
-4.011756420135498047e+00
-1.568794631958007812e+01
-6.509911060333251953e+00
-1.715352821350097656e+01
-1.402089500427246094e+01
-1.420460224151611328e+00
-1.783536338806152344e+01
4.086194992065429688e+00
-5.773284912109375000e+00
-1.011427497863769531e+01
-1.851827502250671387e+00
-1.806201744079589844e+01
2.335194587707519531e+01
1.707850074768066406e+01
2.602578163146972656e+01
-2.456712871789932251e-01
-2.759290039539337158e-01
-1.969812583923339844e+01
-5.444039344787597656e+00
-2.855960726737976074e-01
-1.679132699966430664e+00
-1.260064888000488281e+01
-1.341142177581787109e+01
-1.122537517547607422e+01
-1.106335449218750000e+01
-9.789842605590820312e+00
-1.203890323638916016e+01
-1.342265319824218750e+01
-9.202939033508300781e+00
-4.772474288940429688e+00
-1.876605224609375000e+01
-9.595489501953125000e+00
-5.456408023834228516e+00
-1.969586372375488281e+01
-6.065254688262939453e+00
-5.642661094665527344e+00
-1.685473442077636719e+01
-1.914548158645629883e+00
-2.242738246917724609e+00
7.259228229522705078e+00
2.100645065307617188e+01
5.317360401153564453e+00
1.482875156402587891e+01
3.019457101821899414e+00
-1.991503906250000000e+01
-2.680177927017211914e+00
-4.159228801727294922e+00
-1.928941345214843750e+01
-1.192433547973632812e+01
-1.094734096527099609e+01
-1.635323524475097656e+01
-2.698606109619140625e+01
-1.773401069641113281e+01
-1.160693740844726562e+01
-1.753112983703613281e+01
-1.602815628051757812e+01
-2.074733161926269531e+01
1.665928840637207031e+01
1.875481796264648438e+01
-9.195463180541992188e+00
2.025096511840820312e+01
2.063560295104980469e+01
2.239684820175170898e+00
8.337674140930175781e+00
2.093757057189941406e+01
-2.605519056320190430e+00
-2.705111694335937500e+01
3.095447778701782227e+00
-3.475957870483398438e+00
6.655926704406738281e+00
-6.701800346374511719e+00
-6.174673438072204590e-01
-4.312469959259033203e+00
-1.450670623779296875e+01
2.490901231765747070e+00
-2.182672309875488281e+01
2.288720369338989258e+00
-2.979810523986816406e+01
1.655701065063476562e+01
-1.041314125061035156e+01
1.667992591857910156e+01
1.592922306060791016e+01
1.336115169525146484e+01
-3.226996612548828125e+01
5.469201564788818359e+00
-1.829164505004882812e+00
-5.095384597778320312e+00
1.098274707794189453e+01
-6.961038112640380859e+00
1.790382957458496094e+01
-1.537141609191894531e+01
5.027512550354003906e+00
1.278447818756103516e+01
-1.100339984893798828e+01
-1.043320846557617188e+01
-8.162961006164550781e+00
-1.664604949951171875e+01
-7.664636135101318359e+00
-3.028250932693481445e+00
-1.089594936370849609e+01
-8.211324691772460938e+00
-1.097645187377929688e+01
-8.236620903015136719e+00
-1.382221126556396484e+01
1.014276504516601562e+01
1.951376533508300781e+01
-8.606971740722656250e+00
1.445687103271484375e+01
2.514104270935058594e+01
2.477031898498535156e+01
2.083578681945800781e+01
1.775075721740722656e+01
2.563275718688964844e+01
1.040170001983642578e+01
1.405891895294189453e+01
1.029755401611328125e+01
2.521518707275390625e+00
1.741557693481445312e+01
-8.882231712341308594e+00
1.074230194091796875e+01
6.565430641174316406e+00
-1.016756725311279297e+01
-7.023820877075195312e+00
-1.293429851531982422e+01
5.895299911499023438e-01
1.178040313720703125e+01
-3.447910308837890625e+00
1.359837150573730469e+01
1.854565429687500000e+01
2.072001838684082031e+01
-9.464236259460449219e+00
4.530839443206787109e+00
8.700685501098632812e+00
-1.387609863281250000e+01
1.676480674743652344e+01
1.603953552246093750e+01
7.863276481628417969e+00
1.918680667877197266e+00
-1.752100944519042969e+00
-2.302372741699218750e+01
8.975335121154785156e+00
7.289198398590087891e+00
3.817871332168579102e+00
-6.261937022209167480e-01
-2.585002899169921875e+00
-2.868345260620117188e+00
-1.149439716339111328e+01
-1.109520244598388672e+01
-3.235500335693359375e+00
-6.700083732604980469e+00
-7.349838256835937500e+00
-7.918452739715576172e+00
-3.251948118209838867e+00
1.524451351165771484e+01
4.319618225097656250e+00
-1.068401432037353516e+01
6.392171978950500488e-01
5.501749515533447266e-01
-3.302264451980590820e+00
8.601962089538574219e+00
-4.434557914733886719e+00
1.296805262565612793e+00
-3.399308681488037109e+00
-5.433216571807861328e+00
-8.608043670654296875e+00
3.230335712432861328e+00
1.109623336791992188e+01
7.447820186614990234e+00
1.550299072265625000e+01
9.830303192138671875e+00
-1.068140316009521484e+01
-3.100875139236450195e+00
-1.357369232177734375e+01
-1.563988780975341797e+01
-1.478058528900146484e+01
-8.836758613586425781e+00
-2.471264362335205078e+00
-1.296319961547851562e+01
1.429938077926635742e+00
-1.252801322937011719e+01
9.298286437988281250e+00
-1.593240165710449219e+01
-1.166115522384643555e+00
-1.592670059204101562e+01
6.361142635345458984e+00
-4.220180034637451172e+00
1.370703220367431641e+01
4.507069587707519531e+00
-6.519183158874511719e+00
1.650099182128906250e+01
9.138819694519042969e+00
1.700325012207031250e+01
-1.171039772033691406e+01
-1.110471606254577637e+00
7.104638099670410156e+00
-4.943375587463378906e+00
1.898176312446594238e+00
-2.220175981521606445e+00
3.678219079971313477e+00
-6.247097015380859375e+00
-6.630621433258056641e+00
1.048773670196533203e+01
8.315399289131164551e-01
-2.000713920593261719e+01
1.134930133819580078e+01
-6.279266834259033203e+00
4.870439529418945312e+00
-4.078203201293945312e+00
4.136193275451660156e+00
1.102701759338378906e+01
-8.257349014282226562e+00
1.413443088531494141e+01
1.653068161010742188e+01
-1.079023933410644531e+01
1.639301109313964844e+01
7.507970333099365234e+00
1.172309303283691406e+01
1.175329017639160156e+01
2.102885818481445312e+01
3.038781404495239258e+00
2.314970397949218750e+01
-3.340564012527465820e+00
1.730596351623535156e+01
8.220977783203125000e-01
1.568444633483886719e+01
-9.205558776855468750e+00
1.079311275482177734e+01
-5.480949878692626953e+00
-7.312814712524414062e+00
-1.571485400199890137e+00
3.506086826324462891e+00
5.799311161041259766e+00
-7.022033214569091797e+00
-7.850531578063964844e+00
1.702776718139648438e+01
4.976124763488769531e+00
3.785681009292602539e+00
8.749025344848632812e+00
-3.962241858243942261e-02
2.622640800476074219e+01
-3.823011636734008789e+00
1.991368293762207031e+01
2.461384582519531250e+01
2.058388710021972656e+01
1.154446220397949219e+01
2.301364707946777344e+01
2.180748558044433594e+01
-2.871786355972290039e+00
7.619059562683105469e+00
1.076901245117187500e+01
4.015326499938964844e+00
9.687188148498535156e+00
-4.682403564453125000e+00
9.311046600341796875e+00
-9.700758934020996094e+00
4.904951572418212891e+00
1.050105667114257812e+01
-7.841753482818603516e+00
1.503134918212890625e+01
-3.234224081039428711e+00
6.622406959533691406e+00
1.198597621917724609e+01
1.398017406463623047e+01
2.266345024108886719e+00
1.986909866333007812e+01
2.045917034149169922e+00
1.949251174926757812e+01
8.799332618713378906e+00
9.207157135009765625e+00
8.264222145080566406e+00
1.626985818147659302e-01
7.408516883850097656e+00
1.288506317138671875e+01
8.312360763549804688e+00
-4.732406139373779297e+00
-1.269043159484863281e+01
8.856036514043807983e-02
-4.389903068542480469e+00
-9.234287261962890625e+00
-7.617176055908203125e+00
-1.235332202911376953e+01
7.461271882057189941e-01
-1.572212600708007812e+01
3.632169008255004883e+00
-1.659849739074707031e+01
6.394946575164794922e+00
3.880496621131896973e-01
-3.302619218826293945e+00
-1.547197055816650391e+01
-5.957289040088653564e-02
-1.093187904357910156e+01
6.371913909912109375e+00
1.748578906059265137e+00
5.066381931304931641e+00
4.532410144805908203e+00
-6.927508831024169922e+00
7.325815200805664062e+00
-1.234342575073242188e+01
-1.249802303314208984e+01
6.329396247863769531e+00
-3.535762310028076172e+00
-2.471483945846557617e+00
4.122592926025390625e+00
-8.557986259460449219e+00
-3.946034431457519531e+00
-1.330096054077148438e+01
-1.022127723693847656e+01
-1.835212135314941406e+01
-1.217836380004882812e+01
-8.187937736511230469e+00
-8.129060745239257812e+00
-7.039618968963623047e+00
-4.656994342803955078e+00
2.320499867200851440e-01
2.058653831481933594e+01
2.904863929748535156e+01
1.662062644958496094e+01
7.425168991088867188e+00
-4.068736553192138672e+00
-1.682352542877197266e+00
9.085841774940490723e-01
-8.859154701232910156e+00
1.145958137512207031e+01
-9.433650016784667969e+00
1.192434787750244141e+00
-2.516489791870117188e+01
-6.961266517639160156e+00
-1.710193634033203125e+01
-1.541457939147949219e+01
-7.111930370330810547e+00
-2.392210388183593750e+01
-1.192722702026367188e+01
-5.882196903228759766e+00
-2.106317329406738281e+01
-9.914092063903808594e+00
-1.782259178161621094e+01
5.134789466857910156e+00
4.957534313201904297e+00
-1.147411346435546875e+01
7.964735627174377441e-01
-2.286677837371826172e+00
4.900962352752685547e+00
2.207906150817871094e+01
-6.260551452636718750e+00
2.186477470397949219e+01
-1.463781929016113281e+01
-9.075689315795898438e+00
-1.642655181884765625e+01
-2.389110565185546875e+01
6.209396839141845703e+00
-3.171043395996093750e+00
5.047206282615661621e-01
-2.587858438491821289e+00
-1.432715606689453125e+01
-7.719727516174316406e+00
-1.996714401245117188e+01
-6.693526744842529297e+00
-1.320038986206054688e+01
-7.561304569244384766e+00
-5.654471874237060547e+00
-3.748584508895874023e+00
1.427787303924560547e+01
-7.237574577331542969e+00
1.581304430961608887e+00
1.313771533966064453e+01
1.887463378906250000e+01
3.106100654602050781e+01
3.468568420410156250e+01
3.067746877670288086e+00
-3.751311540603637695e+00
1.434126949310302734e+01
9.864487051963806152e-01
5.230862140655517578e+00
-1.149561595916748047e+01
5.942200660705566406e+00
5.204288482666015625e+00
-6.086523056030273438e+00
-1.977100253105163574e+00
-7.900881290435791016e+00
-9.848026275634765625e+00
-4.186933994293212891e+00
-1.927260971069335938e+01
-8.285903930664062500e+00
5.659783363342285156e+00
-4.750117301940917969e+00
-5.179368019104003906e+00
-3.801808595657348633e+00
1.889145278930664062e+01
3.050568103790283203e+00
-3.761559963226318359e+00
9.755177497863769531e-01
-1.972477078437805176e+00
-8.277966499328613281e+00
-2.769554853439331055e+00
2.147971916198730469e+01
-1.480898475646972656e+01
-1.365181159973144531e+01
1.520264530181884766e+01
-4.019863307476043701e-01
-1.145018291473388672e+01
2.944974184036254883e+00
-6.221423149108886719e+00
-1.137043118476867676e+00
1.676399612426757812e+01
-3.601367712020874023e+00
1.782185554504394531e+01
