-8.209100723266601562e+00
-5.569809675216674805e-01
-4.459862709045410156e+00
-1.041658115386962891e+01
-1.301792716979980469e+01
-2.635507345199584961e+00
1.076238974928855896e-01
-2.113033771514892578e+00
8.513034820556640625e+00
-5.772507190704345703e-01
7.740245342254638672e+00
-7.000086784362792969e+00
4.603101730346679688e+00
-6.762582778930664062e+00
2.873370945453643799e-01
1.108417129516601562e+01
-1.610432434082031250e+01
-1.596387004852294922e+01
-1.538886356353759766e+01
-1.521447062492370605e+00
-3.208471536636352539e+00
-3.386558055877685547e+00
-7.176314830780029297e+00
-3.535752058029174805e+00
-1.007610321044921875e+01
3.948341906070709229e-01
-1.845965003967285156e+01
3.670548915863037109e+00
-1.600799179077148438e+01
-1.303824234008789062e+01
-1.085455894470214844e+01
-4.450573921203613281e+00
-7.550328731536865234e+00
-6.292876243591308594e+00
-9.229472160339355469e+00
1.220315647125244141e+01
-4.776809215545654297e+00
-8.867207527160644531e+00
5.409656047821044922e+00
1.482026100158691406e+01
-1.362152814865112305e+00
-1.172393035888671875e+01
-3.763902187347412109e+00
2.169764137268066406e+01
-9.914060592651367188e+00
-4.517163753509521484e+00
-2.687883377075195312e+00
4.320427477359771729e-01
-1.132901000976562500e+01
-4.263237476348876953e+00
-2.874586582183837891e+00
-1.537620902061462402e+00
1.076415729522705078e+01
-6.182746410369873047e+00
1.524290847778320312e+01
-2.159182786941528320e+00
-9.866167306900024414e-01
-9.316894531250000000e+00
-1.182423686981201172e+01
-1.321765422821044922e+01
-1.566597938537597656e+01
-5.027066230773925781e+00
-2.603091239929199219e+00
-4.857000708580017090e-01
-8.316021919250488281e+00
-1.287023782730102539e+00
-3.958311796188354492e+00
1.822986721992492676e+00
-5.120137929916381836e-01
7.942687273025512695e-01
-3.657794475555419922e+00
1.040102672576904297e+01
-1.805782198905944824e+00
5.159062862396240234e+00
1.490234375000000000e+00
-3.570770502090454102e+00
1.327175712585449219e+01
-1.981373906135559082e+00
-9.335288405418395996e-01
9.493071436882019043e-01
-4.541505336761474609e+00
1.132576465606689453e+01
-9.896964073181152344e+00
-8.810157775878906250e+00
-1.138668775558471680e+00
-1.257884788513183594e+01
-5.875977039337158203e+00
-6.664700031280517578e+00
-1.094172859191894531e+01
-2.769145965576171875e+00
4.810683727264404297e+00
1.270640850067138672e+00
-6.495535373687744141e+00
-4.076572418212890625e+00
7.286742210388183594e+00
-1.397122859954833984e+01
8.212675094604492188e+00
1.031281566619873047e+01
-3.419534444808959961e+00
-1.434030914306640625e+01
2.769220829010009766e+00
-1.233059048652648926e+00
-7.782635211944580078e+00
-4.257263660430908203e+00
-8.147023200988769531e+00
3.053691983222961426e-01
-2.531645774841308594e+00
5.683291435241699219e+00
1.035774111747741699e+00
1.228977489471435547e+01
-9.459724426269531250e+00
-1.198976397514343262e+00
-1.169221115112304688e+01
1.031807708740234375e+01
-9.177067756652832031e+00
3.740270614624023438e+00
5.942860603332519531e+00
8.395764350891113281e+00
-2.258793067932128906e+01
8.939690589904785156e+00
-5.523076057434082031e+00
6.284438133239746094e+00
-9.914886474609375000e+00
-1.178327918052673340e+00
4.391347885131835938e+00
-1.117465019226074219e+01
1.510201096534729004e+00
-2.233443737030029297e+00
-4.640493869781494141e+00
1.016396164894104004e+00
1.958932518959045410e+00
-4.661325454711914062e+00
1.594751262664794922e+01
8.263437271118164062e+00
-2.001796722412109375e+00
2.680782794952392578e+00
-1.366412758827209473e+00
-3.317742586135864258e+00
8.818381309509277344e+00
7.433378219604492188e+00
-6.324052333831787109e+00
-1.495362758636474609e+00
3.077695846557617188e+00
-4.798783779144287109e+00
-2.218019515275955200e-01
-4.712888717651367188e+00
-9.031046867370605469e+00
7.719814777374267578e-01
-1.197108840942382812e+01
1.667178392410278320e+00
-1.701368093490600586e+00
-3.605663299560546875e+00
-9.728786468505859375e+00
7.761012077331542969e+00
1.169289302825927734e+01
-5.167690753936767578e+00
7.701739788055419922e+00
-1.626451492309570312e+01
7.954864978790283203e+00
5.858713150024414062e+00
-1.153388404846191406e+01
-1.300664424896240234e+00
-1.526002585887908936e-02
-1.086595535278320312e+01
6.613900661468505859e+00
-6.744263648986816406e+00
-1.470764875411987305e+00
-9.852485656738281250e+00
9.514166116714477539e-01
-2.341686725616455078e+00
-2.205324411392211914e+00
1.580960899591445923e-01
2.850127518177032471e-01
-3.403408765792846680e+00
-4.123274803161621094e+00
-5.027077198028564453e+00
-5.236345767974853516e+00
9.814403653144836426e-01
2.001876592636108398e+00
1.020168185234069824e+00
-1.263265228271484375e+01
-8.893810272216796875e+00
9.945981979370117188e+00
2.407598018646240234e+00
1.169173622131347656e+01
1.342010402679443359e+01
4.474634647369384766e+00
1.548064112663269043e+00
-2.187626838684082031e+00
-3.005294561386108398e+00
-1.053554916381835938e+01
-4.316175937652587891e+00
-4.650792121887207031e+00
3.057403266429901123e-01
4.311692237854003906e+00
1.038371205329895020e+00
-1.389426422119140625e+01
-7.981295108795166016e+00
-1.107527446746826172e+01
-6.625682830810546875e+00
-4.885606765747070312e+00
-1.316736698150634766e+00
-3.604593276977539062e+00
2.860923528671264648e+00
-1.470992445945739746e+00
5.543466567993164062e+00
-7.140620231628417969e+00
9.952415466308593750e+00
-7.905403614044189453e+00
1.593866443634033203e+01
-6.175745487213134766e+00
-6.910700321197509766e+00
1.061085987091064453e+01
-1.935423493385314941e+00
9.956110954284667969e+00
-9.630241394042968750e+00
-1.032214522361755371e+00
3.558710575103759766e+00
6.421101093292236328e-01
4.167982578277587891e+00
-1.259769916534423828e+01
-1.159706020355224609e+01
-1.117990016937255859e+00
-9.061102867126464844e+00
4.483874738216400146e-01
-6.425981998443603516e+00
-3.087358951568603516e+00
-7.457023620605468750e+00
-4.579463481903076172e+00
6.710512638092041016e-01
-8.543238639831542969e-01
-4.226601600646972656e+00
8.173374176025390625e+00
-2.558248281478881836e+00
6.163659095764160156e-01
-1.234387874603271484e+00
7.850553393363952637e-01
3.275938272476196289e+00
-8.749879002571105957e-01
4.749553203582763672e+00
6.065428733825683594e+00
-8.967623710632324219e+00
9.640320777893066406e+00
-2.279091358184814453e+00
-5.078497409820556641e+00
-4.906353950500488281e+00
-9.703355789184570312e+00
-6.848674774169921875e+00
-1.279268980026245117e+00
-5.058125972747802734e+00
-8.546006202697753906e+00
7.729623794555664062e+00
-1.050452136993408203e+01
6.702426910400390625e+00
1.725684881210327148e+00
-5.010162353515625000e+00
8.942118883132934570e-01
-4.969393253326416016e+00
-6.638252258300781250e+00
1.268097400665283203e+01
4.536822795867919922e+00
-7.362064361572265625e+00
4.608998298645019531e+00
1.110144901275634766e+01
8.700093269348144531e+00
3.908662319183349609e+00
-9.522840499877929688e+00
7.791257858276367188e+00
4.144821166992187500e+00
-1.506688499450683594e+01
1.826502609252929688e+01
3.421114981174468994e-01
-9.652349472045898438e+00
8.051168322563171387e-01
1.052262425422668457e+00
-4.561189651489257812e+00
5.220816612243652344e+00
-3.796964645385742188e+00
2.475476503372192383e+00
-7.147549152374267578e+00
3.822024583816528320e+00
3.580878674983978271e-01
-9.865970611572265625e+00
6.083764553070068359e+00
-6.166432380676269531e+00
-5.888547301292419434e-01
2.062190771102905273e+00
5.953917503356933594e+00
-4.462922573089599609e+00
9.760121345520019531e+00
-1.037029170989990234e+01
1.139503669738769531e+01
3.014008760452270508e+00
-1.276371860504150391e+01
-1.725044727325439453e+00
4.594287395477294922e+00
-8.065217733383178711e-01
-1.131141471862792969e+01
3.608755588531494141e+00
-5.644278049468994141e+00
-4.985541343688964844e+00
-4.679811000823974609e+00
1.599954414367675781e+01
-8.094956398010253906e+00
1.461052703857421875e+01
-2.526708602905273438e+00
-9.109007835388183594e+00
-2.788910388946533203e+00
-1.248319244384765625e+01
2.081533050537109375e+01
-4.828540325164794922e+00
-8.729546546936035156e+00
-2.863136291503906250e+00
-3.355095982551574707e-01
-1.048943901062011719e+01
5.922493934631347656e+00
-1.485540390014648438e+01
-1.057054042816162109e+01
1.661494612693786621e+00
-8.397442817687988281e+00
-5.201626300811767578e+00
-7.261472940444946289e-01
-8.848309516906738281e+00
2.237460136413574219e+00
2.034378767013549805e+00
-7.588358879089355469e+00
7.679871559143066406e+00
-1.052622914314270020e+00
3.254314422607421875e+00
8.937956690788269043e-01
-2.023108243942260742e+00
-1.687815189361572266e+00
-9.951239585876464844e+00
-9.359433174133300781e+00
8.898114204406738281e+00
9.377496719360351562e+00
-5.344976425170898438e+00
-9.589462280273437500e+00
-4.428315639495849609e+00
-1.462483119964599609e+01
-9.555008888244628906e+00
4.939152240753173828e+00
-9.722570419311523438e+00
7.519477605819702148e-01
-5.625734806060791016e+00
-5.389634132385253906e+00
-2.253933668136596680e+00
-7.410942077636718750e+00
3.895368099212646484e+00
-6.419959545135498047e+00
-6.136737465858459473e-01
-1.947791457176208496e+00
1.090012741088867188e+01
9.211688995361328125e+00
-2.228919982910156250e+00
-5.902830600738525391e+00
-5.774782896041870117e-01
-9.748343467712402344e+00
-6.726312160491943359e+00
-1.015850257873535156e+01
-5.267777919769287109e+00
-8.631985664367675781e+00
-1.790722465515136719e+01
2.117431402206420898e+00
-7.244322776794433594e+00
-3.908129334449768066e-01
2.387814521789550781e+00
-7.939485907554626465e-01
-7.884792804718017578e+00
3.625414609909057617e+00
-4.529269695281982422e+00
2.441165208816528320e+00
4.715166091918945312e+00
-4.812377393245697021e-01
9.502182006835937500e+00
-4.644309043884277344e+00
2.526272964477539062e+01
-2.131683826446533203e+00
8.949230194091796875e+00
4.511765956878662109e+00
-1.483270549774169922e+01
-8.230765342712402344e+00
-1.202769374847412109e+01
3.325008153915405273e-01
1.470674276351928711e+00
-8.362319946289062500e+00
-2.301952838897705078e+00
7.386813163757324219e-01
-4.018558502197265625e+00
5.677766203880310059e-01
4.524541378021240234e+00
-1.484920883178710938e+01
-8.240287780761718750e+00
-7.164944648742675781e+00
3.428035378456115723e-01
5.748741626739501953e-01
-6.495612621307373047e+00
-6.968093395233154297e+00
6.770899772644042969e+00
-1.342393970489501953e+01
-1.470420646667480469e+01
-5.595441341400146484e+00
-8.783055305480957031e+00
2.734150886535644531e-01
-2.348669052124023438e+00
3.665864944458007812e+00
6.133809566497802734e+00
2.718734264373779297e+00
-1.593222522735595703e+01
4.708387851715087891e+00
