7.546587944030761719e+00
3.287864303588867188e+01
1.318102169036865234e+01
7.928753376007080078e+00
8.503001183271408081e-02
-9.083570480346679688e+00
-3.614294290542602539e+00
-1.963784545660018921e-01
6.753150463104248047e+00
2.391462087631225586e+00
7.923481941223144531e+00
-7.143062114715576172e+00
9.179027557373046875e+00
2.145476150512695312e+01
1.385192680358886719e+01
1.269245624542236328e+01
6.150085449218750000e+00
4.047327637672424316e-01
1.191082763671875000e+01
3.124595069885253906e+01
-2.091860055923461914e+00
-3.240483045578002930e+00
-9.951520919799804688e+00
9.213455200195312500e+00
-3.576559066772460938e+00
6.364761829376220703e+00
-1.624691772460937500e+01
2.567220449447631836e+00
-1.582904815673828125e+01
-4.198014259338378906e+00
-6.668363094329833984e+00
-8.975072503089904785e-01
-6.233486652374267578e+00
-4.800367832183837891e+00
-4.065690040588378906e+00
4.293288230895996094e+00
-6.695343017578125000e+00
-9.328359603881835938e+00
-2.255812734365463257e-01
9.939866065979003906e+00
-4.222249984741210938e+00
-1.736655044555664062e+01
2.781250000000000000e+00
3.247344970703125000e+01
-1.169051170349121094e+00
1.313828182220458984e+01
-8.760569244623184204e-02
2.934470176696777344e+00
-7.073168277740478516e+00
6.808943271636962891e+00
-1.316567707061767578e+01
-6.423146247863769531e+00
1.004038047790527344e+01
-5.882001876831054688e+00
9.582639694213867188e+00
-4.711406230926513672e+00
-2.554597616195678711e+00
-1.532640838623046875e+01
-1.735137939453125000e+01
-8.758640289306640625e+00
-1.118937969207763672e+01
3.016464948654174805e+00
4.977192878723144531e+00
8.403813362121582031e+00
2.844683408737182617e+00
3.567131042480468750e+00
-1.827797532081604004e+00
-2.205497503280639648e+00
-2.519448697566986084e-01
7.450663566589355469e+00
3.926123678684234619e-01
1.138104438781738281e+01
1.284742355346679688e-01
8.803766250610351562e+00
-2.746884822845458984e+00
-5.817973136901855469e+00
1.536803531646728516e+01
-4.459675312042236328e+00
1.656718999147415161e-01
5.880684852600097656e+00
1.355610084533691406e+01
3.464183807373046875e+01
-1.190652489662170410e+00
7.165427684783935547e+00
9.951189041137695312e+00
2.892033576965332031e+00
1.778995895385742188e+01
1.474003505706787109e+01
-2.840857744216918945e+00
-1.184642887115478516e+01
-3.784942388534545898e+00
-1.057725310325622559e+00
-1.211388969421386719e+01
-5.018779754638671875e+00
9.524918556213378906e+00
-3.301523208618164062e+00
2.817072296142578125e+01
1.568866920471191406e+01
1.450794029235839844e+01
5.835278034210205078e+00
1.364010524749755859e+01
1.044835758209228516e+01
-1.588105773925781250e+01
-6.282623291015625000e+00
-4.394033908843994141e+00
1.116563892364501953e+01
9.639028549194335938e+00
8.809871673583984375e-01
-3.921213626861572266e+00
1.679470658302307129e+00
-2.052039146423339844e+01
-5.955260276794433594e+00
-2.375497436523437500e+01
1.063236713409423828e+01
-1.736107444763183594e+01
5.628805160522460938e+00
-5.093005299568176270e-02
2.654874324798583984e+00
-3.498112869262695312e+01
1.512433052062988281e+01
-6.531534671783447266e+00
-2.647051334381103516e+00
-1.458788490295410156e+01
-1.340844780206680298e-01
-3.055279731750488281e+00
-2.219177246093750000e+01
7.373433113098144531e+00
4.045944213867187500e+00
-1.241258716583251953e+01
-8.309329986572265625e+00
-6.832684993743896484e+00
-1.724173927307128906e+01
-3.455452680587768555e+00
2.108167648315429688e+00
-1.900813102722167969e+01
-1.905798339843750000e+01
-1.191151046752929688e+01
-1.138991737365722656e+01
-4.574457645416259766e+00
1.441991424560546875e+01
-1.421734714508056641e+01
7.645662307739257812e+00
2.627216339111328125e+01
1.775436019897460938e+01
1.923530006408691406e+01
2.271454811096191406e+01
1.683552551269531250e+01
3.533309173583984375e+01
5.572423458099365234e+00
2.877972602844238281e+01
2.723495292663574219e+01
4.517454624176025391e+00
6.726728081703186035e-01
1.460264873504638672e+01
8.966134071350097656e+00
-1.209474921226501465e+00
3.014177703857421875e+01
-2.538052749633789062e+01
1.305033969879150391e+01
1.991399192810058594e+01
-1.295234203338623047e+01
5.920367717742919922e+00
2.358265876770019531e+00
-2.024467658996582031e+01
1.404983901977539062e+01
-4.419266223907470703e+00
-2.195184946060180664e+00
-1.177598857879638672e+01
5.769839763641357422e+00
-2.174449920654296875e+00
-2.419610738754272461e+00
-2.149116992950439453e+00
-2.482284545898437500e+00
-2.134641456604003906e+01
-1.948614311218261719e+01
-1.238698101043701172e+01
-2.198232078552246094e+01
-2.789985418319702148e+00
5.495961189270019531e+00
2.633159875869750977e+00
-1.704801177978515625e+01
-1.043552017211914062e+01
-1.784526252746582031e+01
-5.403277397155761719e+00
-2.851988554000854492e+00
-7.961910367012023926e-01
-1.112364578247070312e+01
-1.312496376037597656e+01
-5.315846443176269531e+00
-1.544046115875244141e+01
-2.575631332397460938e+01
-2.280089759826660156e+01
1.021782636642456055e+00
9.435808062553405762e-01
8.975257873535156250e+00
-2.277704238891601562e+00
-2.125699996948242188e+01
-1.230639076232910156e+01
-2.926263046264648438e+01
-2.635461235046386719e+01
-1.458595561981201172e+01
-7.754149913787841797e+00
-1.060680103302001953e+01
-6.984070777893066406e+00
-1.411950778961181641e+01
-6.299581527709960938e+00
-2.144882392883300781e+01
-4.494001388549804688e+00
-2.061701202392578125e+01
-1.080776691436767578e+01
-3.010779571533203125e+01
-2.974802589416503906e+01
-1.209986591339111328e+01
-2.294856834411621094e+01
-1.029671287536621094e+01
-2.500766181945800781e+01
-1.586991691589355469e+01
-8.751393318176269531e+00
-3.556653738021850586e+00
5.386781692504882812e+00
-1.182928752899169922e+01
-9.318454742431640625e+00
-6.570844650268554688e+00
-2.096189880371093750e+01
-3.490031719207763672e+00
-6.573811531066894531e+00
-5.192542076110839844e+00
-1.872050666809082031e+01
-2.882015419006347656e+01
-8.206945419311523438e+00
-1.766255569458007812e+01
-3.893558120727539062e+01
-1.256416511535644531e+01
-1.550527858734130859e+01
-6.778794288635253906e+00
-1.456267261505126953e+01
-1.197625923156738281e+01
-8.047034263610839844e+00
-2.593209505081176758e+00
2.582562446594238281e+00
-5.948496341705322266e+00
-2.646531867980957031e+01
-2.701663017272949219e+00
-1.300867080688476562e+01
-1.051721477508544922e+01
-9.509804725646972656e+00
-1.945763015747070312e+01
-2.168635177612304688e+01
-4.086635112762451172e+00
-1.686760520935058594e+01
-1.812350273132324219e+01
-1.363899827003479004e+00
-1.442703056335449219e+01
4.363036155700683594e+00
-8.984769821166992188e+00
-1.476150035858154297e+01
-1.875858157873153687e-01
-1.740756034851074219e+01
-1.027550506591796875e+01
1.332033872604370117e+00
-4.297473907470703125e+00
-1.952931213378906250e+01
-4.659780979156494141e+00
-2.107702016830444336e+00
5.856420040130615234e+00
9.691869735717773438e+00
-1.891428375244140625e+01
5.025288581848144531e+00
2.470761108398437500e+01
7.585043907165527344e+00
3.517168807983398438e+01
2.855690002441406250e+01
2.643131065368652344e+01
3.058970069885253906e+01
3.044416999816894531e+01
1.985890388488769531e+01
3.065187644958496094e+01
1.683310890197753906e+01
3.607932662963867188e+01
1.900678825378417969e+01
3.236275482177734375e+01
2.604021453857421875e+01
1.459117698669433594e+01
3.435368347167968750e+01
1.686206626892089844e+01
3.280451965332031250e+01
2.940814399719238281e+01
3.959086990356445312e+01
2.333512878417968750e+01
3.191770362854003906e+01
7.641921043395996094e+00
4.984870147705078125e+01
2.312417602539062500e+01
2.707868766784667969e+01
4.097624588012695312e+01
4.096163558959960938e+01
3.176561737060546875e+01
2.182259559631347656e+01
1.020453643798828125e+01
5.587207794189453125e+00
3.561954259872436523e+00
-2.778414011001586914e+00
1.362867450714111328e+01
-1.069000816345214844e+01
1.594883537292480469e+01
9.259984970092773438e+00
1.413508653640747070e+00
1.743346405029296875e+01
-6.799664497375488281e+00
3.302602767944335938e+01
1.508834075927734375e+01
8.629007339477539062e+00
1.033392333984375000e+01
1.658768081665039062e+01
-5.606122493743896484e+00
1.690510177612304688e+01
-1.181427764892578125e+01
-1.535591030120849609e+01
1.878172636032104492e+00
-1.337002182006835938e+01
-2.203975486755371094e+01
-1.025122547149658203e+01
-2.166056442260742188e+01
-1.063514614105224609e+01
-2.274566650390625000e+01
-1.593287563323974609e+01
-1.187257766723632812e+01
-3.619974851608276367e+00
-5.821077346801757812e+00
-7.066671371459960938e+00
-3.470201730728149414e+00
-2.522549629211425781e+00
-1.267688560485839844e+01
5.701957941055297852e-01
2.245595741271972656e+01
1.904416275024414062e+01
1.084162330627441406e+01
1.178206443786621094e+01
9.932375907897949219e+00
-7.993603229522705078e+00
2.198572397232055664e+00
6.535680294036865234e+00
-4.133480072021484375e+00
5.845933914184570312e+00
-3.737305641174316406e+00
-9.306317329406738281e+00
-1.535812616348266602e+00
-8.306926727294921875e+00
-1.372539758682250977e+00
-9.948479652404785156e+00
-3.568664073944091797e+00
-1.007365131378173828e+01
7.592218875885009766e+00
4.648693561553955078e+00
-7.252900600433349609e-01
2.941626930236816406e+01
9.731106758117675781e+00
-1.260323333740234375e+01
1.126855087280273438e+01
-7.671158790588378906e+00
-5.752433300018310547e+00
-8.558198928833007812e+00
-2.871897506713867188e+01
-5.790364742279052734e+00
-1.711201286315917969e+01
-3.388101339340209961e+00
-1.320603561401367188e+01
-9.918533325195312500e+00
-2.610179328918457031e+01
-3.065585613250732422e+00
-8.672898292541503906e+00
-4.461128234863281250e+00
-5.287823200225830078e+00
-3.416629791259765625e+00
-2.087378501892089844e+00
-3.315090942382812500e+01
-7.686689853668212891e+00
-9.311431884765625000e+00
-1.162555503845214844e+01
8.167078018188476562e+00
-5.464096546173095703e+00
3.768315553665161133e+00
8.578638076782226562e+00
2.088437461853027344e+01
1.556502819061279297e+01
-1.730582618713378906e+01
9.046665191650390625e+00
1.190445804595947266e+01
-3.613988399505615234e+00
-7.287309169769287109e-01
8.176263809204101562e+00
-5.483092784881591797e+00
3.758722543716430664e+00
9.109599113464355469e+00
2.089599990844726562e+01
-7.116387486457824707e-01
5.554486751556396484e+00
-1.209925174713134766e+01
4.644046783447265625e+00
-1.012951469421386719e+01
-1.186240386962890625e+01
7.539782524108886719e+00
2.411519289016723633e+00
2.388486671447753906e+01
-3.582185506820678711e+00
-6.313306331634521484e+00
2.334159016609191895e-01
1.207133650779724121e+00
1.377529430389404297e+01
4.374195098876953125e+01
